1527
1656
1703
1960
2206
2250
2864
3853
4299
5124
5350
5905
5955
6283
6901
7599
8947
11087
11465
11856
12891
13737
15002
16123
17681
18250
18899
19126
20005
20191
20692
25869
31838
31973
32682
32880
33379
35581
38376
38431
39528
40755
41263
42397
43986
44385
45165
45229
45801
46443
46627
47545
48038
48591
48778
49703
50271
50909
51831
53214
53388
54276
54809
55757
56195
57000
58782
61105
65248
70208
70497
71129
71374
73697
76612
77305
78382
78671
81574
82521
83913
87206
92776
99656
100220
101182
102738
104790
106068
107812
108552
109668
113317
117724
118683
119740
121242
122625
123155
124059
124913
126429
127167
128297
129151
130419
131916
133594
136781
140960
142003
143478
143895
144651
145465
146678
152367
158878
159265
160348
161862
161985
162403
163064
164102
164574
165383
165945
166862
169700
173003
174292
176040
177689
180103
181835
184100
184389
184993
185048
185343
185981
188714
192104
202049
213366
215932
219141
220975
223643
224374
225498
226106
227415
229195
230160
233678
237626
237869
238760
239001
239599
241212
243336
243389
243449
244281
245814
247860
248792
249719
251101
251360
252331
253202
254478
257759
258735
260146
263879
264203
264882
266421
268451
269362
270403
271095
272176
272239
272983
274144
274379
274967
275272
275940
276175
277050
279135
281490
282511
284070
286118
286389
286999
290963
291207
291804
296240
298446
301263
301540
302214
302541
303235
303530
304176
305531
307648
307945
308581
311665
315460
316193
317323
317370
319937
322894
324003
325553
326650
328190
330863
334199
335448
337409
337457
339682
342929
343670
344846
348822
349064
349655
352190
352957
354396
354683
355305
357048
359021
361317
364515
365100
365775
366551
367734
368247
369133
369286
369782
371537
374096
374319
374871
375008
375456
377333
379765
381956
384477
385071
386044
386273
386851
387051
387835
388404
389340
389686
390082
390367
391278
391525
392327
392714
392756
393000
393193
393249
393783
393919
395534
395797
396105
397354
397479
398736
398786
398848
399016
399103
399195
399297
399408
399660
399907
400033
400164
400453
400591
400886
400978
401080
401191
401308
401481
401570
401664
401768
401881
402137
402388
402516
402649
402787
403091
403396
403692
403835
404152
404305
404815
404956
405569
405720
406206
406300
406405
406519
406704
406828
406953
407018
407088
407163
407247
407340
407561
407641
407718
407989
408120
408188
408261
408339
408426
408626
408827
409019
409102
409297
409389
409716
409796
410165
410255
410661
410710
415571
415788
415852
416450
416602
418409
418704
421760
423161
428150
455578
455636
455706
455901
456001
456106
456221
456345
456623
457191
457330
457474
458024
458089
458252
458336
458425
458519
458628
458743
460026
460302
460725
461014
461113
461340
461436
461540
461652
461773
462367
462473
462770
462933
463017
463106
463200
463309
463424
464577
464853
465279
465567
465666
465762
465866
465978
466099
466809
466915
467142
467214
467396
467490
467589
467693
467812
467946
468408
468718
469159
469446
470082
471037
471327
471784
471922
473553
474357
474466
474713
474819
476379
476495
476745
477918
478004
478209
478314
478424
478539
478658
478784
478918
479381
479498
479889
480098
480205
480317
480434
480556
480825
480966
481415
483135
483426
484664
485083
485290
485396
485507
485623
485743
485870
486155
486291
486584
487040
487639
487937
488055
488587
489469
489670
489773
489881
489994
490111
490235
492068
492523
493100
493658
495257
496124
496239
496759
496880
497581
498257
499072
499866
500527
500805
501614
502880
503515
503781
504667
504862
504962
505067
505177
505291
505412
506926
507041
507300
508108
508299
508397
508500
508608
508720
508839
509192
509280
509504
509619
509739
509864
510004
510158
511695
512361
512491
512780
512925
513084
514185
514402
514513
514629
514750
514886
515036
515685
516011
517164
517855
518200
519093
519234
519389
519548
520643
520766
521184
521907
522036
522771
523505
525182
525315
526749
527614
527677
527834
527915
528001
528092
528198
528316
528577
528992
529261
529790
529883
530294
530397
530721
530876
530956
531041
531131
531236
532114
532206
532613
532715
532934
533083
533160
533242
533329
533431
534021
534110
534505
534604
534817
534982
535067
535157
535252
535362
536014
536111
536428
536535
536939
537102
537186
537275
537369
537478
537602
538022
538290
538557
538822
538921
539148
539244
539558
539664
539997
540162
540247
540337
540432
540542
541345
541442
541759
541866
542095
542258
542342
542431
542525
542634
543430
543526
543840
543946
544279
544502
544573
544823
544904
544990
545081
545187
545305
545428
545698
546113
546206
546511
546614
546910
547081
547169
547262
547360
547473
548282
548382
548708
548818
549053
549198
549361
549548
549644
549745
549858
550242
550429
550525
550626
550732
550853
550982
551412
551523
551624
551730
551917
552013
552114
552220
552341
552470
552757
553668
554478
554589
554776
554872
554973
555079
555200
555329
555614
555725
555833
556183
556301
556667
556830
557017
557113
557214
557327
557711
557898
557994
558095
558201
558322
558451
558879
558990
559177
559273
559374
559480
559601
559876
559987
560244
560431
560527
560628
560734
560855
560984
561273
561715
562345
562456
562576
562763
562859
562960
563066
563187
563316
563738
563849
563957
564306
564424
564675
564738
564809
564978
565065
565157
565254
565366
565619
565721
565813
565910
566075
566160
566250
566345
566455
566571
566822
567080
567176
567273
567590
567697
568334
568404
568577
568666
568760
568859
568973
569092
569355
569459
569823
569990
570076
570167
570263
570374
570490
570735
571123
571372
571455
571543
571643
571868
572029
572112
572200
572293
572401
572514
572757
572855
573149
573302
573381
573465
573554
573658
573772
574022
574275
574369
574460
574559
574790
574867
574949
575036
575138
575248
575488
575722
575811
576104
576203
576515
576674
576756
576843
576935
577042
577162
577427
577524
577743
577986
578067
578153
578244
578350
578468
578861
578954
579430
579585
579665
579750
579840
579945
580061
580316
580411
580626
580711
580801
580906
581022
581281
581527
581609
581696
581788
581895
582015
582280
582541
582635
583051
583116
583450
583529
583613
583702
583806
583919
584290
584670
585072
585166
585383
585474
586079
586163
586252
586564
586640
586721
586807
586908
587325
587719
587793
587872
587956
588055
588159
588626
589092
589326
589557
589908
589997
590204
590290
590869
590965
591172
591237
591406
591493
591585
591682
591794
591912
592183
592444
592531
592623
592720
592832
592950
593219
593318
593546
593810
593898
593991
594089
594202
594460
594563
594663
594952
595015
595096
595313
595424
595540
595661
595797
595949
596293
596419
596849
597054
597159
597269
597391
597660
597865
597970
598080
598195
598325
598471
599102
599222
599711
599793
600014
600127
600245
600368
600506
600661
601003
601131
601567
601776
601883
601995
602204
602311
602423
602540
602672
602821
603139
603625
603747
604101
604193
604412
604524
604641
604763
604900
605388
605748
605961
606070
606184
606303
606437
606812
606959
607136
607227
607323
607424
607540
607961
608067
608437
608628
608726
608829
608937
609060
609530
609643
610034
610106
610283
610374
610470
610571
610687
611108
611214
611451
611634
611728
611827
611931
612050
612342
612451
612694
612871
612962
613058
613159
613275
613552
613658
613970
614135
614220
614310
614405
614515
614762
614862
615087
615298
615473
615563
615658
615758
615873
616145
616250
616485
616646
616855
616962
617074
617191
617323
617469
617801
617923
618341
618538
618639
618745
618863
619124
619321
619422
619528
619639
619765
619905
620211
620327
620584
620667
620868
620971
621079
621192
621320
621624
621742
622003
622336
622523
622619
622720
622826
622947
623216
623327
623574
623757
623851
623950
624054
624173
624854
624963
625206
625373
625459
625550
625646
625757
626165
626263
626586
626694
626925
627272
627343
627518
627608
627703
627803
627918
628045
628467
628743
629023
629456
629679
630048
630150
630495
631180
631292
631643
631804
631887
631975
632068
632176
632290
632667
633701
633950
634048
634273
634368
635009
635114
635415
635578
635775
635876
635982
636093
636219
636352
636645
636761
637161
637352
637450
637553
637661
637784
637914
638198
638937
639329
639424
639524
639636
639885
640177
640272
640372
640477
640597
640724
641573
641855
641965
642402
642470
642552
642763
642871
642984
643102
643235
643379
643692
643815
644236
644441
644546
644656
644771
644901
645042
645337
645800
645999
646101
646208
646327
646590
646789
646891
646998
647110
647237
647375
647668
647785
648129
648306
648397
648493
648594
648710
648842
649128
649417
649592
649682
649777
649877
649992
650260
650362
650910
651022
651383
651560
651651
651747
651848
651964
652395
652498
652611
652935
652998
653066
653237
653325
653418
653516
653629
654047
654147
654480
654590
654825
655067
655226
655308
655395
655487
655594
655834
655928
656340
656444
656781
656952
657040
657133
657231
657344
658040
658140
658472
659313
659783
659893
660131
660375
660566
660664
660767
660875
660998
661306
661416
661772
661892
662147
662413
662584
662672
662765
662863
662976
663241
663341
663670
663780
664015
664367
664442
664603
664686
664774
664867
664975
665217
665312
665636
665741
666218
666797
667087
667166
667250
667339
667443
667671
667762
668061
668162
668561
668724
668808
668897
668991
669100
669358
669454
669884
669990
670220
670383
670467
670556
670652
671075
671671
671741
671906
671991
672081
672176
672286
672544
672641
673177
673284
673513
673686
673775
673869
673968
674082
674354
674455
675007
675118
675355
675449
675688
675760
675923
676007
676096
676190
676299
676412
676806
676902
677215
677321
677548
677717
677804
677896
677993
678105
678369
678471
678570
678782
678943
679026
679114
679207
679315
679692
679787
679892
680127
680284
680365
680451
680542
680648
681142
681238
681331
681432
681535
682455
682529
682698
682785
682877
682974
683086
683202
683605
683707
683806
684018
684127
684437
684614
684705
684801
684902
685018
685138
685557
685856
686643
687552
687658
687761
688097
688210
688507
688773
690189
690236
690293
690503
690657
690981
691132
691291
691463
691511
691557
691688
692288
692618
692732
692855
696809
696864
697006
697217
697321
697426
697529
697692
697958
698048
698166
698545
698628
699565
700100
700185
700274
700584
700686
702190
702267
702535
702612
702880
702957
703225
703302
703655
703727
704058
704128
704914
705067
705144
706909
707681
708492
708825
708903
709469
711324
711596
711652
711709
711888
712242
712298
712370
712537
712610
712780
712862
713059
713136
713220
713423
713605
713680
713856
713933
714115
714188
714358
714433
714609
714687
714872
714944
715111
715180
715338
715410
715577
715652
715828
715901
716071
716148
716330
716419
716637
716724
716936
717014
717199
717253
717384
717600
719250
720977
721231
723744
723811
724041
724099
725527
725661
725821
725981
726679
726756
727221
727281
727483
727547
727756
727822
728039
728098
728164
728246
728431
728514
728704
728772
728860
730214
730286
730365
730558
730751
730944
731222
731394
731566
731738
731910
732082
732254
732504
732574
732740
732906
733148
733220
733298
733572
733822
733890
734050
734210
734370
734604
734677
734931
734998
735155
735312
735469
735626
735783
736013
736077
736225
736373
736591
736658
736888
736958
737124
737290
737532
737596
737668
737918
738136
738204
738364
738524
738684
738844
739004
739246
739318
739490
739740
739824
740122
740199
740386
740573
740843
740925
741215
741288
741463
741770
743030
748011
761770
761881
761969
762184
763238
764297
764366
765195
765320
765420
765514
765626
765686
765784
766278
766823
769413
772015
774638
777261
777671
780294
782917
785540
788289
791038
793830
793873
796784
797108
797150
797387
797549
797595
797645
797699
799848
800386
800473
800515
800575
800774
800838
800907
800981
801059
801144
801237
801338
801445
802590
802666
802839
802931
803032
803353
803407
803588
803646
803709
803777
803849
803928
804015
804110
804211
805230
805300
805461
805547
805642
805945
805997
806172
806228
806289
806355
806425
806502
806587
806680
806779
807755
807823
807980
808064
808157
808501
808542
808601
808797
808860
808928
809001
809277
809352
809604
809657
809835
809892
809954
810021
810433
810502
811064
811399
811454
811638
811697
811761
811830
812188
812259
812666
813012
813062
813231
813285
813344
813408
813893
813959
814183
814239
814426
814486
814551
814621
815187
815259
815547
815609
815814
815880
815951
816027
816440
816518
816779
816836
817026
817087
817153
817224
818102
818175
818421
818469
818528
818724
818787
818855
818928
819005
819092
820660
820735
821038
821097
821293
821356
821424
821497
821574
821661
822793
822949
823007
823200
823262
823329
823401
823477
823563
823864
824018
824065
824127
824268
824419
824678
824763
824853
824955
825306
825469
825553
825642
825736
825838
825951
826078
826209
826499
826598
826940
827101
827184
827272
827365
827466
827578
827704
828293
828571
829788
831706
831989
832081
832290
832388
832495
832613
832745
833044
833333
833638
834113
834201
834289
834453
834538
834628
834723
834826
834940
835068
835511
835728
835825
836582
836906
836947
837005
837086
837348
837433
837523
837618
837724
838007
838276
838357
838619
838704
838794
838889
838995
839411
839697
839797
840087
840142
840217
840461
840540
840624
840713
840806
840908
841137
841212
841456
841535
841619
841708
841801
842015
842256
842350
842735
842787
842962
843018
843079
843145
843215
843291
843648
843800
843862
843949
844229
844320
844416
844517
844629
845063
845152
845438
845531
845629
845732
845846
846140
846535
846575
846720
846766
846817
846873
846933
847003
847081
847290
847331
847446
847506
847571
847641
847801
847873
848214
848553
848678
848743
848813
848890
849331
849418
849617
849669
849844
849900
849961
850029
850272
850350
850532
850858
851011
851130
851192
851259
851331
851726
851803
851877
852307
852462
852542
852627
852719
853349
853451
853680
853799
853861
853928
854000
854395
854472
854546
854976
855099
855163
855232
855306
855512
855591
855667
856201
856316
856376
856441
856513
856854
857282
857579
857637
857700
857768
857840
857922
858744
859197
859983
860319
860776
861094
861546
861616
861777
861863
861958
862807
863062
863233
863577
863859
864629
864682
864998
865055
865117
865184
865447
865516
865995
866110
866170
866235
866310
866475
866638
866708
867005
867077
867585
867650
867720
867768
867931
867983
868040
868102
868168
868244
868598
868662
868886
869189
869789
869837
870000
870052
870109
870171
870312
870376
870749
870907
871014
871070
871131
871197
871267
871354
871451
871519
871904
872159
872296
872367
872443
872526
872996
873089
873409
873530
873593
873661
873734
873811
873898
873989
874220
874298
874373
874908
875047
875119
875196
875283
875487
875593
875830
875963
876032
876106
876185
876608
876692
876890
877001
877059
877122
877192
877647
877699
877755
877945
878006
878072
878225
878296
878372
878453
878540
878631
880715
881298
881511
881830
881906
882568
883022
883189
884008
884091
884699
885438
885869
885952
887204
887291
887476
887873
888176
888998
889316
889414
890502
890950
891118
891630
892051
892550
892676
892742
892813
892889
892970
893056
893148
893246
894576
894672
895020
895078
895245
895331
895422
895518
895619
895726
895839
896428
896529
896761
896877
897700
897764
897923
898005
898092
898189
898295
898411
899381
899534
899613
899697
899791
899894
900007
900932
901091
901173
901260
901357
901463
901579
902619
902726
902782
902843
902911
903309
903427
903489
903556
903630
903892
903976
904159
904351
904539
904720
905167
905314
905390
905471
905559
906055
906196
906269
906347
906432
906917
907020
907074
907133
907199
907437
907513
907680
907993
908036
908085
908251
908304
908362
908425
908492
908569
908654
908745
909566
909612
909671
910012
910075
910143
910216
910293
910380
910478
911047
911267
911484
911832
912514
912847
913195
914142
914220
914307
914886
914961
915223
915392
915938
916196
916631
916803
916888
917171
917353
917395
917448
917626
917683
917745
917812
917883
917964
918053
918147
918246
918602
918671
918987
919043
919230
919290
919355
919425
919499
919583
919675
919772
919882
920401
920809
921062
921335
922034
922106
922483
922528
922607
922722
923086
923205
923329
923458
923591
923734
923885
924271
924405
924536
924675
924960
925252
925345
925443
925546
925653
925768
925919
926261
926369
926474
926766
926859
926957
927060
927167
927282
927433
927775
927883
928129
928234
928526
928619
928717
928820
928927
929042
929193
929535
929643
929889
930076
930138
930343
930409
930480
930556
930636
930726
930824
931326
931407
931485
931550
931764
931833
931907
931986
932069
932162
932263
932518
932602
932683
933169
933768
933961
934033
934268
934344
934425
934511
934601
934701
934809
935551
935642
935730
936034
936098
936309
936377
936450
936528
936610
936702
936802
937315
937398
937478
937557
937813
937896
937984
938077
938174
938282
938398
938546
938644
938739
938842
939072
939133
939335
939400
939470
939545
939624
939713
939810
940044
940124
940368
940440
940675
940751
940832
940918
941008
941108
941216
941787
941878
941966
942039
942375
942452
942534
942621
942712
942813
942922
943502
943594
943733
943890
944248
944363
944483
944608
944737
944876
945023
945381
945511
945650
945983
946094
946446
946561
946681
946806
946935
947074
947221
947595
947725
947852
947925
948163
948240
948322
948409
948500
948601
948710
949144
949236
949325
949372
949428
949615
949675
949740
949810
949884
949968
950060
950162
950773
951033
951293
951544
951616
951947
952413
952466
952644
952701
952763
952830
952901
952982
953071
953170
953391
953460
953702
953755
953933
953990
954052
954119
954340
954409
954702
954760
954893
954962
955036
955115
955198
955291
955392
955503
955887
955971
956164
956297
956366
956440
956519
956602
956695
956796
956907
957285
957369
1010189
1010557
1010733
1010868
1010938
1010990
1011042
1011109
1011224
1046054
1046096
1392948
1448112
1451599
1454780
1585663
1666820
1675525
1675572
1675669
1675766
1675863
1717991
1718061
1718135
1721247
1723955
1726684
1726729
1726780
1727145
1727979
1735778
1737885
1737936
1738062
1738115
1738350
1738484
1738730
1738836
1738943
1739098
1739205
1739627
1740970
1741379
1741451
1741689
1742067
1742110
1742161
1742208
1742264
1742314
1742362
1742418
1742586
1742668
1742763
1742902
1742945
1742998
1743058
1743118
1743178
1743241
1780652
1781572
1781621
1781727
1794694
1794811
1795567
1796607
1799527
1799584
1799701
1799856
1800599
1800804
1801174
1801446
1801543
1802701
1802852
1840492
1840677
1840741
1840794
1840844
1840891
1840938
1840988
1841048
1841105
1841159
1841255
1841318
1841367
1847999
1851385
1853262
1853310
1853360
1853407
1859405
1859508
1859561
1859818
1859925
1860016
1860980
1861112
1861492
1861555
1861623
1861687
1861745
1861846
1861915
1861980
1862039
1862788
1863417
1864318
1864408
1864666
1864722
1864791
1865345
1865501
1865551
1866905
1869373
1869423
1869482
1869528
1869721
1869884
1870041
1870216
1870272
1870317
1870372
1870483
1870532
1870633
1870735
1871573
1871620
1872092
1872134
1872187
1872258
1872311
1872370
1872435
1911840
1911937
1912159
1912511
1912566
1912621
1916406
1920120
1923113
1926525
1926580
1926626
1927204
1927821
1927871
1928099
1928144
1928522
1929832
1929881
1934977
1935261
1935307
1935627
1936138
1936247
1936422
1936702
1936750
1937254
1937305
1937357
1937403
1937459
1937733
1938048
1938100
1938154
1938207
1938257
1938309
1938368
1938696
1938741
1938794
1938865
1938926
1939034
1939151
1973345
1980630
1990761
1990810
1991647
1991697
1991754
1993182
1993225
1994164
1994277
1994370
1994487
1994589
1994642
1994697
1994744
1994802
1994893
1995039
1995090
1995137
1995339
1995414
1995808
1995847
1995924
1996076
1996125
1996234
1996277
1996364
1996419
1996484
1996596
1996830
1997070
1997112
2034986
2035043
2035313
2055436
2055523
2055580
2055693
2055738
2055919
2055968
2056200
2056251
2056428
2056652
2056714
2057199
2057392
2057431
2057479
2057527
2058268
2058375
2059109
2059161
2067781
2067830
2068019
2068450
2068562
2068648
2068704
2068758
2068811
2069057
2069110
2069361
2069462
2069516
2069573
2069635
2069699
2069753
2069803
2069857
2069905
2069959
2070006
2070056
2070111
2070166
2070226
2070289
2070354
2070409
2070562
2070607
2071040
2071188
2071249
2071298
2071355
2073301
2073967
2074121
2074179
2076293
2076660
2078179
2078270
2078492
2078777
2079341
2079801
2079873
2080334
2081141
2081209
2081626
2081940
2081979
2082350
2083666
2084344
2085020
2085227
2085784
2086835
2086930
2089298
2089385
2090141
2090430
2090747
2090880
2099452
2100523
2100787
2100840
2100945
2101184
2101257
2105784
2106131
2106288
2106801
2106855
2106913
2106955
2107195
2107797
2107967
2108135
2108933
2109017
2109446
2110405
2110469
2110746
2111183
2111231
2111320
2111392
2111446
2111500
2111553
2111607
2113047
2113189
2113240
2113492
2113889
2114021
2114214
2114339
2114560
2114609
2114669
2114864
2114911
2114959
2115660
2116127
2116275
2116569
2116802
2117011
2117113
2118156
2118208
2118260
2119096
2119573
2119636
2119809
2119872
2119936
2121012
2121094
2121532
2121696
2121753
2123069
2123133
2124525
2124622
2129678
2129741
2130793
2131292
2131391
2131444
2131537
2132093
2134612
2134656
2134764
2135448
2135663
2137505
2138163
2138641
2138695
2138755
2138816
2139185
2139280
2139448
2139794
2140186
2140417
2140811
2141176
2141398
2141588
2142319
2142363
2142411
2142460
2142513
2142862
2143215
2144847
2145060
2145260
2145309
2145375
2145430
2145482
2145531
2145580
2145622
2145802
2145883
2146377
2146473
2146609
2146650
2146841
2147038
2147088
2147132
2147190
2147319
2147473
2149635
2150245
2150289
2150547
2150822
2150997
2151065
2151137
2151209
2152254
2152346
2152410
2152776
2152841
2152883
2152938
2152998
2153115
2153773
2153868
2154195
2154255
2154321
2154383
2154439
2154642
2154722
2154765
2154974
2155485
2155739
2155826
2155885
2157141
2157309
2157996
2158128
2158220
2158770
2158817
2159105
2159149
2159249
2159422
2159579
2159928
2163090
2163404
2163449
2163653
2163696
2164039
2164254
2164321
2165305
2165356
2165855
2166286
2166643
2166947
2167014
2167064
2167114
2167164
2167214
2167281
2167331
2167381
2167431
2167481
2167531
2167629
2167685
2167832
2167889
2168591
2169379
2169478
2169571
2169777
2169844
2169945
2170562
2170783
2170951
2171091
2171186
2171228
2171325
2171368
2171529
2174511
2175605
2175653
2175698
2175749
2175800
2176088
2176272
2176335
2176668
2176873
2176936
2177123
2177282
2177409
2177615
2177827
2178010
2178062
2178167
2178404
2178689
2178738
2178975
2179194
2179391
2179558
2179693
2179946
2180054
2180703
2180765
2181590
2182623
2182708
2182804
2182975
2183030
2183578
2183619
2183829
2184058
2184098
2184140
