11
58
110
158
214
296
344
391
434
487
527
579
632
712
759
824
872
933
984
1036
1087
1131
1409
1458
957536
1010127
1010189
1010512
1010663
1010704
1010827
1011082
1011150
1011265
1067585
1067611
1067652
1067693
1067720
1067755
1067790
1067856
1068090
1068135
1068180
1068223
1068263
1068302
1068343
1068384
1068428
1068469
1068511
1068556
1068603
1068651
1068704
1068751
1068803
1068848
1068898
1068943
1068991
1069045
1069089
1069134
1069180
1069225
1069269
1069314
1069358
1069403
1069454
1069503
1069548
1069585
1069622
1069674
1069711
1069756
1069792
1069843
1069880
1069933
1069977
1070022
1070068
1070119
1070178
1070238
1070291
1070345
1070408
1070457
1070504
1070554
1070605
1070661
1070708
1102688
1122313
1122359
1122400
1134964
1175219
1175302
1175374
1175415
1175477
1175503
1230581
1230688
1337807
1338185
1338249
1500468
1500499
1500644
1500706
1501007
1503704
1505132
1506111
1506796
1507111
1507154
1507484
1508407
1508506
1508553
1512101
1512314
1512481
1512815
1513951
1513993
1517533
1518352
1518441
1518582
1518640
1518711
1521043
1523190
1524103
1524266
1524376
1524909
1525283
1526135
1527886
1527946
1528047
1530083
1530147
1531032
1532100
1532161
1533499
1533530
1534740
1535743
1535795
1535874
1538090
1538796
1539325
1540098
1541172
1541606
1541723
1545254
1545556
1547962
1548009
1548447
1548628
1549483
1549679
1551146
1551758
1551821
1552463
1554324
1554650
1554859
1556017
1556834
1556923
1557130
1557212
1557903
1557934
1558003
1559794
1565894
1565937
1566257
1566648
1566993
1567049
1567236
1567304
1567356
1568453
1569945
1571025
1571890
1572695
1572911
1572970
1573060
1573292
1574607
1574638
1574668
1574708
1574795
1574856
1574944
1575033
1575693
1576226
1576445
1580273
1580314
1580662
1582602
1582767
1583427
1583478
1587924
1590491
1590714
1590827
1594965
1595947
1596011
1596078
1597016
1598309
1602095
1602384
1602449
1602483
1602904
1603014
1603126
1605671
1605710
1605762
1609888
1611509
1611683
1611734
1616907
1617455
1618588
1619267
1619781
1620604
1620824
1620883
1622102
1622479
1622824
1623366
1623405
1629082
1631066
1631881
1631920
1633413
1635121
1635412
1635629
1635678
1636359
1636452
1641918
1642549
1646345
1646394
1646451
1647129
1647182
1647243
1649800
1651462
1651659
1652146
1652618
1652742
1654454
1657152
1657200
1657831
1659637
1661895
1667481
1667659
1671895
1675488
1675960
1717902
1721204
1726460
1726546
1727546
1727595
1727650
1735837
1736162
1736210
1736626
1736985
1738258
1739627
1740500
1740970
1741105
1741506
1741576
1742018
1742478
1742531
1742635
1743295
1743348
1781520
1794694
1794768
1795567
1795651
1795696
1802655
1802747
1802811
1802852
1802981
1803014
1840539
1859360
1861112
1861282
1861404
1861803
1862331
1863056
1863417
1863739
1863794
1863862
1863923
1864003
1864318
1864408
1864555
1864605
1865705
1866141
1866190
1866403
1867982
1868033
1869528
1869672
1869785
1870147
1870633
1870788
1870831
1870978
1871363
1911937
1912053
1912098
1912270
1927915
1927969
1928637
1929767
1930091
1930160
1935143
1935194
1935994
1936519
1936816
1938991
1939214
1969716
1973223
1973274
1990720
1994277
1994526
1994849
1995137
1995414
1995609
1995887
1995924
1996125
1996277
1996648
1996880
1996920
1996975
1997021
2035683
2050131
2050448
2050803
2051898
2055484
2056870
2057575
2057642
2057692
2057803
2057896
2058178
2058225
2059663
2060253
2060443
2060623
2060826
2061021
2061315
2061433
2062004
2062230
2062619
2062763
2062868
2062960
2063151
2063424
2063598
2063769
2063949
2064128
2064303
2064480
2064653
2064697
2064877
2065058
2065242
2065416
2065726
2066084
2066130
2066319
2066897
2067084
2067267
2068505
2069157
2069204
2069361
2070653
2071410
2071523
2071702
2071806
2071928
2072051
2072195
2072326
2072455
2072639
2072766
2072900
2073114
2073356
2073455
2073540
2074235
2074282
2074415
2076220
2076353
2076660
2076770
2078374
2078540
2078630
2078714
2079498
2079557
2079610
2079663
2079751
2080138
2080189
2080237
2080380
2080549
2080600
2080657
2080702
2081141
2081260
2083722
2083887
2084128
2084344
2084556
2084652
2084779
2084865
2084956
2085020
2088478
2088581
2088656
2097928
2106131
2108007
2108096
2108174
2108219
2108411
2108796
2108976
2109283
2109336
2109446
2109536
2109855
2110614
2110659
2111140
2113240
2113492
2113855
2114214
2114389
2114728
2114775
2114959
2115660
2115820
2116127
2116233
2116613
2116850
2117189
2117345
2117529
2117691
2117841
2117973
2118594
2118837
2118919
2118960
2119005
2119207
2119522
2120253
2120294
2120425
2120738
2120824
2120859
2120904
2120955
2121061
2123290
2123361
2124465
2124586
2125450
2129633
2129801
2129895
2130210
2130696
2131208
2134804
2134916
2134971
2135233
2135381
2135493
2135553
2135626
2135663
2137463
2138209
2138308
2138816
2138904
2139010
2139140
2139185
2139332
2139587
2139747
2140242
2140326
2140508
2140921
2140958
2141038
2141079
2141230
2141353
2141398
2141643
2142175
2142233
2142274
2142924
2143215
2144394
2145160
2145848
2145883
2145976
2146691
2147237
2147363
2147424
2147473
2149267
2149309
2149449
2149635
2149743
2149837
2149888
2150289
2150381
2150547
2150672
2150723
2151281
2152254
2153162
2153465
2153554
2153773
2154495
2154540
2154589
2154683
2154807
2154866
2154942
2155096
2155148
2155195
2155231
2155292
2155339
2155384
2157268
2157372
2157424
2157689
2157996
2158362
2159194
2159727
2159768
2159815
2159890
2162308
2162391
2162704
2162749
2162810
2162872
2163231
2163307
2163798
2163857
2163926
2163989
2164522
2164558
2164689
2165180
2165218
2165257
2165415
2165451
2166328
2167580
2167685
2167889
2167988
2168063
2168705
2168750
2168787
2169522
2169736
2169908
2169945
2170737
2171048
2171143
2171529
2181973
2182031
2182070
2182111
2182580
2182897
2182936
2183965
2184021
