957536
1010127
1010189
1010704
1011082
1011150
1067693
1067755
1067790
1067856
1068090
1068135
1068180
1068223
1068263
1068302
1068343
1068384
1068428
1068469
1068511
1068556
1068603
1068651
1068704
1068751
1068803
1068848
1068898
1068943
1068991
1069045
1069089
1069134
1069180
1069225
1069269
1069314
1069358
1069403
1069454
1069503
1069548
1069585
1069622
1069674
1069711
1069756
1069792
1069843
1069880
1069933
1069977
1070022
1070068
1070119
1070178
1070238
1070291
1070345
1070408
1070457
1070504
1070554
1070605
1070661
1070708
1175415
1175477
1175503
1230581
1230688
1338185
1338249
2051898
2059663
2060253
2060443
2060623
2060826
2061021
2061315
2061433
2062004
2062230
2062619
2062763
2062868
2062960
2063151
2063424
2063598
2063769
2063949
2064128
2064303
2064480
2064653
2064697
2064877
2065058
2065242
2065416
2065726
2066084
2066130
2066319
2066897
2067084
2067267
2083722
2083887
2084128
2084556
2084652
2084779
2084865
2084956
2085020
2097928
2106131
2114959
2117189
2117345
2117529
2117691
2117841
2117973
2135233
2147237
2153162
