958632
958735
958838
958940
959045
959150
959253
959357
959462
959567
959672
959777
959881
959984
960089
960194
960297
960402
960506
960611
960716
960821
960924
961029
961134
961238
961343
961448
961553
961658
961763
961868
961973
962077
962179
962284
962389
962492
962597
962699
962804
962909
963014
963118
963223
963328
963433
963538
963643
963747
963850
963954
964058
964163
964267
964372
964477
964582
964686
964791
964896
965001
965104
965209
965312
965415
965519
965623
965728
965831
965936
966041
966145
966250
966355
966458
966562
966667
966770
966875
966980
967085
967190
967294
967398
967503
967608
967711
967814
967919
968024
968128
968233
968338
968443
968548
968653
968755
968860
968964
969069
969174
969279
969384
969487
969590
969695
969799
969904
970009
970114
970219
970324
970429
970534
970639
970744
970849
970954
971059
971164
971269
971374
971479
971584
971689
971793
971898
972001
972106
972210
972315
972420
972525
972629
972733
972838
972943
973047
973152
973257
973362
973467
973571
973676
973790
973895
974000
974104
974209
974314
974419
974523
974627
974732
974837
974941
975046
975151
975256
975361
975464
975569
975674
975778
975883
975988
976093
976197
976302
976406
976511
976614
976719
976823
976926
977031
977136
977241
977346
977451
977555
977628
977732
977837
977942
978047
978150
978254
978359
978464
978569
978674
978779
978884
978987
979092
979196
979301
979406
979511
979616
979721
979825
979930
980034
980139
980244
980349
980454
980557
980660
980765
980870
980975
981079
981184
981288
981409
981514
981616
981721
981826
981931
982034
982139
982243
982348
982453
982558
982663
982768
982873
982977
983082
983187
983292
983397
983502
983607
983712
983817
983922
984026
984131
984236
984341
984446
984550
984655
984760
984865
984970
985075
985179
985282
985387
985492
985597
985702
985807
985912
986017
986120
986225
986328
986433
986547
986652
986757
986860
986965
987069
987174
987279
987382
987486
987591
987696
987800
987904
988009
988114
988219
988324
988429
988534
988639
988742
988845
988950
989055
989160
989265
989370
989475
989602
989707
989810
989915
990020
990125
990230
990335
990439
990543
990648
990753
990858
990963
991067
991172
991277
991380
991484
991589
991694
991799
991904
992007
992110
992215
992320
992425
992530
992635
992740
992845
992950
993054
993159
993262
993367
993472
993577
993681
993784
993889
993992
994097
994200
994304
994409
994513
994618
994723
994828
994933
995038
995142
995245
995350
995455
995559
995663
995768
995871
995976
996081
996184
996288
996393
996498
996603
996708
996813
996918
997021
997126
997231
997336
997441
997546
997651
997754
997859
997964
998069
998172
998289
998394
998498
998601
998706
998811
998916
999021
999126
999228
999333
999437
999541
999646
999751
999856
999961
1000064
1000169
1000274
1000378
1000483
1000588
1000693
1000807
1000911
1001014
1001119
1001224
1001329
1001434
1001539
1001644
1001749
1001854
1001959
1002064
1002169
1002274
1002379
1002484
1002589
1002694
1002799
1002903
1003008
1003113
1003218
1003321
1003426
1003531
1003636
1003741
1003846
1003949
1004053
1004158
1004262
1004367
1004472
1004577
1004682
1004787
1004892
1004997
1005100
1005205
1005310
1005413
1005517
1005622
1005727
1005831
1005936
1006041
1006146
1006251
1006356
1006461
1006566
1006669
1006773
1006878
1006983
1007088
1007193
1007298
1007403
1007508
1007613
1007718
1007823
1007928
1008033
1008137
1008242
1008347
1008452
1008556
1008661
1008766
1008871
1008976
1009081
1009185
1009290
1009395
1009500
1009604
1009709
1009812
1009917
1010022
1011320
1011425
1011530
1011633
1011738
1011843
1011946
1012051
1012156
1012261
1012366
1012470
1012575
1012680
1012785
1012890
1012995
1013100
1013205
1013310
1013415
1013519
1013624
1013729
1013833
1013937
1014039
1014144
1014249
1014354
1014459
1014573
1014678
1014783
1014888
1014993
1015098
1015203
1015306
1015411
1015516
1015621
1015726
1015831
1015936
1016057
1016162
1016267
1016372
1016476
1016581
1016686
1016790
1016896
1017001
1017106
1017211
1017316
1017421
1017526
1017631
1017736
1017840
1017944
1018048
1018153
1018258
1018363
1018468
1018573
1018677
1018780
1018884
1018989
1019093
1019195
1019300
1019405
1019508
1019612
1019717
1019821
1019926
1020031
1020136
1020241
1020346
1020450
1020555
1020660
1020765
1020868
1020973
1021078
1021183
1021288
1021392
1021497
1021602
1021707
1021812
1021917
1022022
1022127
1022232
1022337
1022442
1022547
1022652
1022756
1022861
1022966
1023070
1023173
1023276
1023381
1023486
1023591
1023696
1023801
1023906
1024011
1024116
1024221
1024325
1024430
1024535
1024640
1024745
1024850
1024955
1025060
1025165
1025270
1025375
1025480
1025584
1025689
1025794
1025899
1026004
1026109
1026214
1026317
1026422
1026527
1026631
1026736
1026839
1026944
1027049
1027154
1027258
1027362
1027467
1027581
1027686
1027791
1027893
1027998
1028103
1028208
1028313
1028418
1028523
1028628
1028733
1028837
1028940
1029045
1029150
1029254
1029359
1029464
1029569
1029672
1029777
1029882
1029987
1030092
1030197
1030302
1030407
1030512
1030617
1030720
1030825
1030929
1031032
1031137
1031240
1031345
1031449
1031563
1031666
1031771
1031876
1031981
1032086
1032191
1032295
1032400
1032504
1032609
1032713
1032818
1032923
1033026
1033131
1033233
1033336
1033485
1033590
1033695
1033800
1033904
1034009
1034114
1034218
1034323
1034425
1034529
1034634
1034739
1034844
1034949
1035053
1035158
1035263
1035368
1035473
1035578
1035683
1035787
1035892
1035997
1036101
1036206
1036311
1036416
1036521
1036626
1036730
1036833
1036938
1037043
1037148
1037253
1037358
1037463
1037568
1037673
1037778
1037883
1037988
1038093
1038197
1038302
1038407
1038512
1038617
1038722
1038827
1038932
1039037
1039142
1039245
1039350
1039455
1039559
1039662
1039765
1039870
1039975
1040080
1040184
1040289
1040394
1040498
1040603
1040708
1040812
1040916
1041021
1041124
1041227
1041331
1041435
1041540
1041645
1041750
1041855
1041960
1042065
1042170
1042273
1042378
1042483
1042588
1042693
1042798
1042903
1043008
1043113
1043218
1043323
1043428
1043533
1043638
1043742
1043846
1043951
1044054
1044159
1044264
1044368
1044473
1044578
1044683
1044788
1044893
1044998
1045102
1045207
1045321
1045426
1045531
1045636
1045741
1045845
1045949
1046138
1046250
1046354
1046457
1046562
1046666
1046770
1046873
1046977
1047082
1047187
1047291
1047396
1047501
1047606
1047709
1047814
1047918
1048023
1048128
1048231
1048335
1048440
1048545
1048649
1048754
1048859
1048964
1049068
1049171
1049288
1049393
1049498
1049602
1049707
1049812
1049917
1050020
1050124
1050229
1050332
1050434
1050539
1050642
1050747
1050852
1050957
1051062
1051167
1051272
1051375
1051477
1051581
1051686
1051791
1051896
1052000
1052105
1052210
1052315
1052420
1052525
1052630
1052735
1052840
1052945
1053047
1053152
1053257
1053361
1053466
1053570
1053673
1053776
1053880
1053985
1054089
1054192
1054295
1054400
1054505
1054609
1054713
1054816
1054921
1055026
1055130
1055235
1055340
1055443
1055548
1055652
1055756
1055858
1055961
1056066
1056171
1056276
1056380
1056485
1056590
1056695
1056800
1056905
1057010
1057115
1057220
1057323
1057428
1057533
1057638
1057742
1057847
1057959
1058064
1058169
1058274
1058379
1058484
1058588
1058693
1058797
1058902
1059007
1059111
1059216
1059321
1059424
1059535
1059638
1059742
1059847
1059950
1060055
1060160
1060264
1060369
1060474
1060579
1060682
1060787
1060892
1060997
1061102
1061206
1061311
1061416
1061520
1061625
1061729
1061833
1061938
1062043
1062148
1062253
1062358
1062463
1062567
1062669
1062774
1062879
1062984
1063089
1063194
1063299
1063404
1063509
1063614
1063718
1063823
1063928
1064033
1064138
1064241
1064346
1064451
1064556
1064661
1064766
1064871
1064976
1065079
1065184
1065289
1065394
1065499
1065604
1065708
1065810
1065915
1066020
1066123
1066226
1066331
1066435
1066540
1066645
1066750
1066855
1066960
1067065
1067170
1067275
1067379
1067483
1067882
1067987
1070763
1070868
1070973
1071077
1071182
1071287
1071390
1071495
1071598
1071703
1071808
1071913
1072018
1072123
1072227
1072331
1072434
1072537
1072642
1072747
1072852
1072957
1073062
1073165
1073268
1073373
1073478
1073583
1073688
1073792
1073895
1074000
1074105
1074208
1074313
1074418
1074522
1074625
1074730
1074835
1074962
1075067
1075183
1075288
1075393
1075497
1075602
1075707
1075812
1075917
1076022
1076127
1076232
1076337
1076442
1076547
1076651
1076756
1076860
1076965
1077069
1077174
1077279
1077384
1077489
1077594
1077699
1077803
1077908
1078012
1078117
1078222
1078327
1078432
1078537
1078642
1078746
1078851
1078956
1079059
1079164
1079268
1079373
1079478
1079583
1079686
1079790
1079895
1080000
1080105
1080209
1080313
1080417
1080520
1080625
1080730
1080835
1080939
1081042
1081147
1081249
1081353
1081456
1081561
1081675
1081780
1081885
1081990
1082095
1082200
1082303
1082408
1082511
1082616
1082721
1082826
1082931
1083035
1083140
1083244
1083349
1083454
1083559
1083664
1083769
1083872
1083977
1084082
1084187
1084292
1084397
1084502
1084607
1084710
1084813
1084916
1085021
1085126
1085231
1085335
1085440
1085545
1085650
1085752
1085857
1085962
1086066
1086171
1086276
1086381
1086486
1086591
1086696
1086801
1086906
1087011
1087116
1087221
1087326
1087430
1087535
1087639
1087744
1087849
1087954
1088059
1088164
1088269
1088371
1088476
1088581
1088686
1088791
1088896
1089001
1089106
1089210
1089315
1089420
1089525
1089630
1089735
1089840
1089945
1090050
1090155
1090260
1090365
1090470
1090584
1090689
1090794
1090899
1091002
1091107
1091212
1091315
1091418
1091523
1091628
1091733
1091837
1091942
1092046
1092150
1092255
1092360
1092465
1092568
1092673
1092775
1092880
1092984
1093089
1093194
1093298
1093403
1093508
1093612
1093717
1093822
1093926
1094030
1094135
1094239
1094344
1094447
1094551
1094656
1094761
1094866
1094971
1095075
1095180
1095284
1095389
1095493
1095598
1095701
1095804
1095909
1096014
1096117
1096222
1096327
1096432
1096537
1096642
1096746
1096849
1096953
1097056
1097161
1097265
1097370
1097474
1097578
1097683
1097788
1097893
1097998
1098103
1098206
1098310
1098415
1098519
1098624
1098729
1098833
1098938
1099042
1099147
1099252
1099356
1099461
1099566
1099671
1099776
1099881
1099986
1100091
1100196
1100301
1100406
1100511
1100614
1100719
1100805
1100909
1101014
1101119
1101224
1101329
1101433
1101537
1101642
1101747
1101852
1101956
1102060
1102165
1102269
1102374
1102478
1102583
1102739
1102843
1102948
1103053
1103158
1103263
1103367
1103472
1103577
1103682
1103787
1103892
1103997
1104102
1104205
1104310
1104415
1104519
1104624
1104727
1104832
1104937
1105042
1105146
1105251
1105356
1105461
1105565
1105670
1105774
1105879
1105984
1106088
1106193
1106296
1106399
1106504
1106609
1106714
1106819
1106924
1107029
1107134
1107239
1107344
1107449
1107554
1107658
1107761
1107866
1107971
1108076
1108181
1108286
1108391
1108477
1108582
1108687
1108792
1108897
1109002
1109107
1109212
1109317
1109420
1109525
1109630
1109735
1109840
1109945
1110049
1110154
1110259
1110364
1110469
1110574
1110679
1110784
1110888
1110993
1111097
1111202
1111307
1111412
1111515
1111620
1111724
1111829
1111933
1112038
1112141
1112246
1112351
1112455
1112560
1112665
1112770
1112875
1112980
1113085
1113190
1113295
1113400
1113505
1113610
1113713
1113818
1113922
1114027
1114132
1114237
1114342
1114446
1114551
1114655
1114759
1114863
1114968
1115073
1115177
1115282
1115386
1115491
1115595
1115700
1115803
1115908
1116013
1116118
1116223
1116327
1116432
1116537
1116642
1116747
1116852
1116957
1117062
1117165
1117270
1117375
1117480
1117584
1117688
1117793
1117898
1118003
1118108
1118213
1118318
1118422
1118527
1118631
1118736
1118841
1118946
1119049
1119153
1119267
1119372
1119475
1119589
1119692
1119796
1119901
1120006
1120111
1120214
1120318
1120423
1120528
1120633
1120738
1120843
1120948
1121053
1121158
1121263
1121368
1121473
1121578
1121683
1121788
1121893
1121998
1122103
1122208
1122441
1122546
1122651
1122756
1122861
1122973
1123078
1123181
1123286
1123391
1123496
1123600
1123704
1123809
1123914
1124019
1124124
1124229
1124331
1124435
1124537
1124642
1124747
1124852
1124957
1125062
1125167
1125271
1125375
1125479
1125584
1125688
1125792
1125896
1126000
1126105
1126209
1126314
1126419
1126524
1126629
1126734
1126838
1126942
1127046
1127151
1127256
1127360
1127465
1127570
1127675
1127778
1127881
1127986
1128091
1128196
1128300
1128405
1128510
1128615
1128720
1128825
1128930
1129035
1129140
1129243
1129346
1129451
1129556
1129661
1129766
1129871
1129975
1130080
1130185
1130288
1130392
1130497
1130667
1130781
1130886
1130990
1131095
1131200
1131305
1131410
1131515
1131620
1131725
1131830
1131933
1132036
1132141
1132244
1132349
1132452
1132556
1132661
1132766
1132871
1132975
1133080
1133185
1133290
1133395
1133498
1133602
1133707
1133812
1133917
1134022
1134126
1134231
1134334
1134439
1134544
1134649
1134754
1134859
1135004
1135109
1135212
1135317
1135422
1135527
1135632
1135737
1135842
1135946
1136050
1136155
1136259
1136364
1136469
1136574
1136678
1136783
1136888
1136991
1137095
1137200
1137304
1137409
1137514
1137619
1137724
1137829
1137934
1138039
1138142
1138247
1138352
1138456
1138560
1138663
1138768
1138873
1138978
1139082
1139187
1139292
1139397
1139501
1139606
1139711
1139816
1139920
1140023
1140128
1140233
1140338
1140443
1140547
1140650
1140752
1140857
1140962
1141066
1141171
1141276
1141381
1141486
1141591
1141696
1141801
1141906
1142010
1142115
1142220
1142324
1142428
1142532
1142637
1142742
1142847
1142951
1143056
1143161
1143264
1143369
1143474
1143576
1143681
1143786
1143891
1143993
1144098
1144203
1144307
1144412
1144515
1144620
1144725
1144830
1144935
1145039
1145144
1145249
1145354
1145459
1145564
1145669
1145774
1145879
1145984
1146089
1146194
1146297
1146402
1146507
1146612
1146715
1146820
1146925
1147030
1147135
1147240
1147344
1147448
1147553
1147658
1147762
1147866
1147971
1148074
1148179
1148284
1148387
1148490
1148595
1148700
1148805
1148910
1149014
1149128
1149232
1149337
1149442
1149545
1149650
1149753
1149858
1149963
1150068
1150173
1150278
1150383
1150488
1150593
1150698
1150801
1150904
1151007
1151112
1151217
1151322
1151427
1151532
1151637
1151742
1151847
1151952
1152057
1152162
1152267
1152372
1152477
1152582
1152687
1152792
1152897
1153002
1153107
1153211
1153314
1153419
1153521
1153664
1153769
1153874
1153977
1154082
1154187
1154292
1154397
1154501
1154606
1154711
1154816
1154921
1155024
1155129
1155233
1155338
1155443
1155547
1155652
1155757
1155861
1155966
1156069
1156174
1156279
1156383
1156487
1156592
1156696
1156800
1156903
1157008
1157112
1157217
1157322
1157427
1157532
1157636
1157740
1157845
1157949
1158054
1158159
1158263
1158368
1158473
1158578
1158681
1158786
1158890
1158994
1159098
1159203
1159306
1159411
1159516
1159619
1159724
1159829
1159933
1160037
1160141
1160246
1160350
1160455
1160560
1160665
1160770
1160874
1160979
1161084
1161186
1161291
1161396
1161501
1161606
1161711
1161816
1161921
1162026
1162130
1162235
1162338
1162443
1162547
1162651
1162756
1162861
1162965
1163070
1163175
1163280
1163384
1163489
1163592
1163696
1163801
1163904
1164009
1164114
1164217
1164322
1164427
1164532
1164636
1164740
1164844
1164947
1165051
1165154
1165259
1165364
1165469
1165574
1165679
1165784
1165889
1165994
1166099
1166203
1166308
1166413
1166518
1166623
1166728
1166831
1166934
1167039
1167144
1167246
1167351
1167456
1167561
1167666
1167771
1167876
1167981
1168086
1168189
1168294
1168399
1168502
1168604
1168709
1168813
1168918
1169023
1169128
1169233
1169338
1169443
1169547
1169652
1169757
1169862
1169976
1170081
1170186
1170291
1170396
1170501
1170604
1170709
1170814
1170919
1171024
1171129
1171233
1171337
1171441
1171559
1171664
1171769
1171874
1171979
1172082
1172187
1172292
1172397
1172502
1172607
1172712
1172816
1172920
1173025
1173130
1173233
1173338
1173443
1173548
1173652
1173757
1173860
1173965
1174070
1174175
1174280
1174385
1174488
1174593
1174698
1174801
1174906
1175010
1175114
1176278
1176383
1176488
1176593
1176698
1176803
1176907
1177012
1177115
1177219
1177321
1177426
1177531
1177636
1177741
1177846
1177948
1178053
1178158
1178263
1178367
1178472
1178577
1178682
1178787
1178892
1178997
1179102
1179207
1179311
1179416
1179521
1179626
1179729
1179834
1179939
1180044
1180149
1180254
1180358
1180463
1180568
1180673
1180776
1180880
1180985
1181088
1181193
1181297
1181402
1181506
1181611
1181716
1181821
1181926
1182031
1182136
1182241
1182346
1182450
1182555
1182658
1182760
1182865
1182970
1183075
1183180
1183285
1183390
1183494
1183599
1183703
1183806
1183911
1184016
1184120
1184224
1184327
1184432
1184537
1184642
1184747
1184852
1184956
1185059
1185163
1185268
1185373
1185477
1185582
1185687
1185801
1185906
1186011
1186114
1186219
1186324
1186429
1186533
1186637
1186742
1186847
1186956
1187060
1187174
1187279
1187384
1187488
1187593
1187697
1187801
1187906
1188011
1188115
1188218
1188323
1188427
1188532
1188636
1188739
1188844
1188949
1189054
1189159
1189264
1189369
1189474
1189588
1189693
1189798
1189903
1190008
1190113
1190218
1190323
1190427
1190532
1190637
1190751
1190854
1190959
1191064
1191169
1191274
1191379
1191484
1191589
1191693
1191797
1191902
1192007
1192111
1192216
1192320
1192423
1192526
1192629
1192734
1192837
1192942
1193047
1193156
1193261
1193366
1193470
1193575
1193680
1193785
1193890
1193995
1194099
1194204
1194309
1194412
1194517
1194622
1194727
1194832
1194937
1195042
1195147
1195251
1195356
1195461
1195566
1195671
1195776
1195881
1195986
1196091
1196194
1196299
1196404
1196509
1196614
1196716
1196821
1196923
1197028
1197133
1197238
1197340
1197445
1197549
1197655
1197759
1197864
1197967
1198072
1198177
1198281
1198386
1198491
1198596
1198699
1198804
1198909
1199013
1199117
1199247
1199352
1199457
1199562
1199667
1199771
1199876
1199981
1200084
1200188
1200293
1200398
1200502
1200606
1200711
1200816
1200921
1201024
1201129
1201234
1201339
1201443
1201546
1201651
1201755
1201860
1201965
1202070
1202175
1202280
1202383
1202488
1202593
1202698
1202803
1202908
1203012
1203119
1203224
1203327
1203432
1203537
1203641
1203746
1203850
1203954
1204058
1204162
1204267
1204370
1204475
1204580
1204684
1204789
1204894
1204998
1205103
1205208
1205313
1205418
1205523
1205628
1205733
1205838
1205942
1206047
1206150
1206255
1206360
1206465
1206570
1206674
1206779
1206884
1206989
1207094
1207199
1207303
1207407
1207511
1207616
1207721
1207826
1207931
1208036
1208141
1208246
1208351
1208456
1208560
1208665
1208770
1208875
1208980
1209084
1209189
1209294
1209399
1209504
1209608
1209713
1209818
1209923
1210027
1210141
1210245
1210349
1210453
1210569
1210674
1210779
1210884
1210989
1211101
1211206
1211311
1211415
1211520
1211623
1211727
1211832
1211937
1212042
1212146
1212250
1212352
1212457
1212562
1212667
1212772
1212876
1212981
1213086
1213191
1213296
1213399
1213504
1213608
1213713
1213818
1213923
1214025
1214130
1214235
1214339
1214444
1214549
1214654
1214758
1214863
1214966
1215071
1215176
1215281
1215386
1215491
1215596
1215701
1215805
1215908
1216011
1216116
1216221
1216326
1216431
1216535
1216639
1216744
1216849
1216954
1217059
1217163
1217268
1217373
1217477
1217582
1217687
1217792
1217897
1218002
1218105
1218210
1218315
1218419
1218524
1218629
1218734
1218839
1218942
1219047
1219152
1219257
1219362
1219466
1219569
1219674
1219779
1219884
1219989
1220094
1220199
1220304
1220409
1220514
1220619
1220724
1220828
1220932
1221036
1221141
1221246
1221349
1221454
1221558
1221663
1221768
1221880
1221984
1222089
1222194
1222299
1222404
1222509
1222612
1222717
1222827
1222932
1223037
1223142
1223246
1223351
1223456
1223561
1223665
1223770
1223875
1223979
1224082
1224187
1224291
1224396
1224501
1224606
1224710
1224815
1224920
1225023
1225125
1225230
1225335
1225440
1225545
1225650
1225754
1225858
1225963
1226065
1226170
1226274
1226379
1226484
1226587
1226691
1226796
1226900
1227005
1227110
1227215
1227318
1227423
1227526
1227631
1227735
1227840
1227950
1228062
1228167
1228272
1228377
1228482
1228587
1228691
1228796
1228901
1229004
1229108
1229213
1229318
1229423
1229532
1229636
1229745
1229848
1229953
1230058
1230163
1230268
1230373
1230476
1230757
1230862
1230967
1231072
1231177
1231282
1231385
1231490
1231593
1231696
1231800
1231905
1232009
1232114
1232219
1232322
1232427
1232532
1232636
1232740
1232845
1232950
1233055
1233160
1233265
1233370
1233479
1233583
1233688
1233792
1233897
1234002
1234106
1234211
1234313
1234418
1234521
1234625
1234730
1234835
1234938
1235042
1235147
1235252
1235357
1235462
1235565
1235670
1235775
1235880
1235985
1236088
1236193
1236298
1236403
1236508
1236619
1236722
1236827
1236930
1237033
1237138
1237243
1237348
1237451
1237556
1237661
1237766
1237869
1237974
1238078
1238183
1238288
1238393
1238498
1238603
1238707
1238812
1238917
1239022
1239127
1239232
1239337
1239440
1239545
1239650
1239755
1239859
1239963
1240068
1240171
1240276
1240381
1240486
1240591
1240695
1240800
1240904
1241007
1241112
1241216
1241321
1241426
1241530
1241633
1241736
1241841
1241946
1242051
1242155
1242260
1242365
1242470
1242575
1242680
1242785
1242890
1242995
1243100
1243205
1243310
1243415
1243520
1243624
1243729
1243833
1243938
1244043
1244148
1244253
1244358
1244460
1244565
1244669
1244774
1244884
1244988
1245093
1245198
1245303
1245408
1245513
1245618
1245723
1245828
1245933
1246038
1246142
1246246
1246351
1246456
1246561
1246666
1246771
1246876
1246979
1247084
1247189
1247293
1247396
1247501
1247605
1247709
1247814
1247919
1248023
1248128
1248233
1248338
1248442
1248547
1248652
1248756
1248860
1248965
1249070
1249173
1249278
1249383
1249488
1249592
1249697
1249802
1249907
1250011
1250116
1250221
1250326
1250431
1250536
1250641
1250746
1250851
1250955
1251058
1251162
1251266
1251371
1251476
1251578
1251683
1251787
1251892
1251997
1252102
1252207
1252312
1252417
1252520
1252625
1252730
1252835
1252938
1253043
1253148
1253253
1253356
1253461
1253564
1253669
1253774
1253879
1253984
1254089
1254194
1254299
1254404
1254507
1254612
1254717
1254822
1254927
1255031
1255136
1255240
1255345
1255448
1255552
1255657
1255762
1255866
1255970
1256073
1256178
1256282
1256387
1256491
1256596
1256699
1256804
1256909
1257014
1257117
1257222
1257327
1257432
1257537
1257642
1257745
1257850
1257955
1258060
1258164
1258267
1258372
1258477
1258582
1258687
1258792
1258919
1259024
1259129
1259234
1259339
1259444
1259549
1259654
1259757
1259862
1259965
1260070
1260175
1260280
1260385
1260490
1260595
1260700
1260814
1260919
1261024
1261127
1261232
1261337
1261440
1261545
1261650
1261755
1261860
1261965
1262069
1262174
1262279
1262384
1262489
1262592
1262697
1262802
1262907
1263011
1263114
1263219
1263323
1263428
1263533
1263638
1263743
1263848
1263953
1264058
1264163
1264268
1264373
1264477
1264582
1264687
1264792
1264895
1264999
1265104
1265206
1265310
1265413
1265518
1265623
1265728
1265833
1265936
1266041
1266146
1266251
1266355
1266457
1266560
1266664
1266769
1266874
1266977
1267082
1267187
1267292
1267397
1267502
1267607
1267710
1267812
1267917
1268022
1268127
1268232
1268337
1268442
1268545
1268649
1268753
1268858
1268963
1269067
1269172
1269276
1269381
1269484
1269594
1269708
1269813
1269918
1270023
1270126
1270240
1270345
1270450
1270555
1270660
1270765
1270870
1270975
1271080
1271185
1271290
1271395
1271500
1271603
1271708
1271813
1271918
1272023
1272128
1272231
1272336
1272441
1272545
1272650
1272755
1272858
1272963
1273068
1273173
1273278
1273382
1273487
1273590
1273695
1273800
1273905
1274008
1274113
1274216
1274319
1274424
1274529
1274634
1274738
1274841
1274946
1275051
1275156
1275261
1275366
1275471
1275575
1275680
1275785
1275890
1275994
1276099
1276204
1276309
1276414
1276519
1276622
1276727
1276832
1276936
1277041
1277146
1277250
1277355
1277460
1277565
1277670
1277775
1277879
1277982
1278087
1278190
1278295
1278400
1278504
1278609
1278713
1278818
1278923
1279028
1279133
1279235
1279340
1279445
1279550
1279655
1279759
1279863
1279966
1280071
1280176
1280281
1280386
1280491
1280596
1280701
1280806
1280911
1281016
1281121
1281226
1281329
1281432
1281537
1281642
1281746
1281851
1281956
1282061
1282166
1282271
1282376
1282481
1282586
1282689
1282794
1282899
1283004
1283107
1283211
1283315
1283420
1283525
1283630
1283735
1283839
1283944
1284049
1284154
1284257
1284362
1284467
1284572
1284677
1284782
1284887
1284992
1285097
1285199
1285303
1285406
1285511
1285614
1285719
1285824
1285928
1286033
1286138
1286242
1286347
1286452
1286556
1286659
1286764
1286869
1286974
1287079
1287184
1287289
1287392
1287495
1287600
1287705
1287810
1287915
1288020
1288123
1288228
1288333
1288436
1288541
1288646
1288750
1288855
1288960
1289064
1289168
1289273
1289377
1289482
1289586
1289691
1289796
1289899
1290002
1290107
1290212
1290316
1290421
1290524
1290628
1290733
1290838
1290952
1291056
1291161
1291266
1291370
1291475
1291580
1291685
1291790
1291893
1291998
1292103
1292208
1292313
1292418
1292523
1292628
1292733
1292836
1292941
1293045
1293148
1293252
1293357
1293462
1293567
1293672
1293775
1293880
1293985
1294090
1294195
1294300
1294405
1294510
1294615
1294720
1294825
1294930
1295035
1295140
1295245
1295347
1295452
1295557
1295662
1295767
1295871
1295976
1296081
1296186
1296291
1296396
1296501
1296606
1296711
1296816
1296921
1297026
1297129
1297234
1297336
1297441
1297546
1297651
1297756
1297861
1297966
1298071
1298174
1298277
1298382
1298486
1298591
1298696
1298800
1298905
1299010
1299114
1299218
1299323
1299428
1299532
1299635
1299738
1299843
1299948
1300053
1300158
1300261
1300366
1300471
1300576
1300680
1300785
1300890
1300994
1301097
1301202
1301307
1301410
1301514
1301618
1301723
1301828
1301933
1302038
1302143
1302248
1302351
1302455
1302558
1302660
1302765
1302870
1302973
1303078
1303182
1303287
1303392
1303497
1303602
1303707
1303811
1303916
1304019
1304124
1304229
1304334
1304438
1304543
1304648
1304753
1304858
1304961
1305066
1305171
1305276
1305379
1305484
1305588
1305693
1305798
1305903
1306008
1306113
1306218
1306322
1306427
1306531
1306636
1306740
1306844
1306949
1307053
1307158
1307263
1307367
1307471
1307574
1307679
1307783
1307888
1307993
1308098
1308202
1308306
1308411
1308516
1308620
1308725
1308828
1308933
1309037
1309142
1309247
1309352
1309455
1309558
1309663
1309767
1309872
1309977
1310080
1310183
1310287
1310392
1310497
1310602
1310707
1310812
1310917
1311021
1311124
1311229
1311332
1311435
1311540
1311643
1311748
1311853
1311958
1312062
1312167
1312271
1312373
1312478
1312583
1312688
1312793
1312897
1313002
1313106
1313211
1313316
1313421
1313526
1313631
1313734
1313839
1313944
1314048
1314153
1314258
1314363
1314468
1314573
1314678
1314783
1314888
1314993
1315097
1315202
1315307
1315410
1315515
1315620
1315725
1315830
1315934
1316039
1316143
1316248
1316353
1316458
1316563
1316668
1316771
1316875
1316980
1317085
1317190
1317295
1317400
1317504
1317609
1317714
1317819
1317924
1318026
1318130
1318233
1318337
1318442
1318547
1318652
1318757
1318862
1318967
1319072
1319177
1319282
1319387
1319490
1319595
1319700
1319805
1319908
1320013
1320118
1320223
1320328
1320433
1320538
1320642
1320747
1320851
1320956
1321061
1321166
1321271
1321376
1321481
1321587
1321692
1321797
1321902
1322007
1322112
1322217
1322322
1322427
1322532
1322637
1322740
1322845
1322950
1323055
1323160
1323263
1323366
1323471
1323576
1323681
1323786
1323891
1323994
1324099
1324204
1324309
1324413
1324518
1324623
1324728
1324833
1324938
1325043
1325148
1325251
1325355
1325460
1325565
1325670
1325775
1325880
1325985
1326090
1326195
1326300
1326405
1326510
1326615
1326720
1326824
1326929
1327034
1327139
1327243
1327347
1327452
1327557
1327662
1327767
1327871
1327975
1328080
1328184
1328289
1328394
1328497
1328602
1328707
1328812
1328917
1329022
1329127
1329230
1329335
1329440
1329545
1329649
1329754
1329859
1329964
1330068
1330173
1330278
1330383
1330493
1330598
1330703
1330808
1330913
1331017
1331122
1331225
1331330
1331435
1331540
1331643
1331748
1331851
1331956
1332059
1332164
1332269
1332371
1332474
1332579
1332684
1332789
1332894
1332999
1333104
1333209
1333313
1333418
1333523
1333627
1333732
1333835
1333940
1334045
1334150
1334255
1334360
1334465
1334569
1334673
1334778
1334883
1334987
1335091
1335196
1335301
1335403
1335508
1335613
1335718
1335821
1335925
1336029
1336132
1336237
1336342
1336447
1336551
1336656
1336761
1336866
1336971
1337076
1337181
1337286
1337390
1337495
1337598
1337702
1338315
1338420
1338525
1338627
1338746
1338848
1338953
1339058
1339163
1339268
1339373
1339478
1339582
1339685
1339790
1339895
1339998
1340103
1340212
1340315
1340419
1340524
1340629
1340734
1340838
1340943
1341048
1341153
1341258
1341363
1341468
1341573
1341677
1341782
1341887
1341992
1342097
1342202
1342305
1342409
1342513
1342618
1342722
1342827
1342932
1343037
1343139
1343243
1343348
1343453
1343558
1343662
1343765
1343870
1343974
1344079
1344184
1344288
1344393
1344498
1344603
1344708
1344813
1344918
1345023
1345128
1345240
1345345
1345449
1345553
1345657
1345761
1345865
1345970
1346075
1346178
1346283
1346388
1346493
1346597
1346702
1346807
1346910
1347015
1347119
1347223
1347328
1347430
1347535
1347640
1347744
1347849
1347954
1348057
1348162
1348267
1348372
1348477
1348582
1348685
1348789
1348894
1348999
1349104
1349207
1349312
1349414
1349519
1349624
1349729
1349834
1349939
1350044
1350147
1350252
1350357
1350462
1350567
1350671
1350775
1350880
1350983
1351088
1351193
1351298
1351401
1351506
1351611
1351715
1351820
1351925
1352030
1352135
1352240
1352345
1352450
1352553
1352658
1352763
1352868
1352973
1353077
1353182
1353287
1353392
1353497
1353602
1353707
1353810
1353914
1354019
1354124
1354227
1354332
1354436
1354541
1354643
1354745
1354850
1354955
1355059
1355163
1355268
1355372
1355476
1355581
1355685
1355790
1355893
1355997
1356102
1356206
1356311
1356416
1356520
1356623
1356728
1356833
1356938
1357043
1357148
1357253
1357358
1357463
1357568
1357673
1357778
1357883
1357987
1358092
1358197
1358308
1358413
1358518
1358623
1358728
1358831
1358934
1359039
1359143
1359248
1359351
1359456
1359561
1359665
1359768
1359873
1359978
1360083
1360188
1360292
1360396
1360501
1360606
1360711
1360816
1360919
1361022
1361127
1361230
1361335
1361440
1361545
1361650
1361755
1361860
1361964
1362069
1362174
1362279
1362384
1362489
1362594
1362708
1362813
1362918
1363023
1363128
1363233
1363337
1363441
1363546
1363651
1363756
1363859
1363964
1364069
1364173
1364278
1364383
1364487
1364592
1364697
1364802
1364907
1365012
1365117
1365221
1365326
1365430
1365544
1365649
1365753
1365869
1365973
1366076
1366181
1366286
1366391
1366494
1366596
1366698
1366803
1366906
1367016
1367121
1367226
1367331
1367436
1367541
1367644
1367749
1367854
1367958
1368062
1368167
1368272
1368376
1368481
1368584
1368689
1368791
1368896
1369001
1369106
1369211
1369316
1369420
1369523
1369628
1369733
1369838
1369943
1370048
1370151
1370256
1370361
1370464
1370569
1370753
1370858
1370961
1371066
1371169
1371273
1371378
1371482
1371586
1371691
1371796
1371901
1372006
1372111
1372215
1372319
1372424
1372529
1372632
1372737
1372842
1372946
1373051
1373156
1373261
1373366
1373471
1373576
1373681
1373786
1373891
1373996
1374101
1374206
1374311
1374416
1374521
1374624
1374729
1374833
1374938
1375043
1375148
1375253
1375358
1375463
1375568
1375673
1375777
1375882
1375987
1376089
1376194
1376299
1376404
1376509
1376614
1376719
1376822
1376927
1377032
1377137
1377242
1377347
1377452
1377557
1377662
1377767
1377872
1377977
1378082
1378187
1378291
1378396
1378501
1378605
1378710
1378815
1378918
1379023
1379126
1379229
1379333
1379438
1379543
1379647
1379752
1379857
1379962
1380065
1380170
1380275
1380380
1380485
1380589
1380694
1380798
1380902
1381007
1381111
1381215
1381320
1381425
1381530
1381635
1381740
1381844
1381948
1382053
1382158
1382263
1382368
1382473
1382575
1382680
1382784
1382898
1383002
1383107
1383211
1383325
1383429
1383532
1383637
1383740
1383844
1383948
1384051
1384154
1384259
1384363
1384466
1384570
1384675
1384780
1384885
1384990
1385095
1385200
1385305
1385410
1385515
1385619
1385724
1385829
1385932
1386037
1386140
1386245
1386350
1386455
1386560
1386665
1386770
1386873
1386977
1387082
1387186
1387291
1387396
1387501
1387603
1387708
1387818
1387923
1388028
1388133
1388238
1388343
1388448
1388553
1388658
1388763
1388868
1388973
1389078
1389182
1389286
1389391
1389496
1389601
1389706
1389809
1389914
1390019
1390124
1390229
1390334
1390439
1390544
1390648
1390753
1390858
1390962
1391067
1391170
1391274
1391377
1391480
1391585
1391690
1391795
1391899
1392004
1392109
1392214
1392319
1392423
1392528
1392633
1392738
1392843
1393000
1393105
1393210
1393315
1393420
1393525
1393630
1393734
1393838
1393943
1394048
1394153
1394258
1394363
1394467
1394572
1394676
1394781
1394885
1394990
1395094
1395198
1395302
1395406
1395510
1395614
1395719
1395823
1395928
1396033
1396137
1396242
1396345
1396450
1396555
1396660
1396765
1396870
1396975
1397079
1397184
1397288
1397393
1397524
1397629
1397734
1397837
1397939
1398044
1398148
1398253
1398358
1398460
1398565
1398670
1398784
1398888
1398993
1399097
1399202
1399305
1399410
1399515
1399618
1399729
1399834
1399939
1400044
1400148
1400253
1400358
1400463
1400568
1400673
1400776
1400880
1400985
1401090
1401195
1401299
1401404
1401509
1401613
1401718
1401823
1401927
1402030
1402134
1402239
1402344
1402449
1402554
1402659
1402762
1402880
1402985
1403090
1403195
1403300
1403405
1403510
1403614
1403719
1403823
1403928
1404032
1404137
1404240
1404345
1404450
1404555
1404659
1404764
1404869
1404974
1405079
1405184
1405289
1405392
1405495
1405600
1405705
1405810
1405915
1406019
1406123
1406226
1406331
1406434
1406539
1406643
1406746
1406851
1406955
1407060
1407163
1407268
1407372
1407475
1407577
1407680
1407783
1407886
1407988
1408091
1408196
1408301
1408406
1408511
1408616
1408721
1408826
1408931
1409036
1409141
1409245
1409350
1409455
1409560
1409665
1409770
1409875
1409979
1410084
1410188
1410293
1410396
1410501
1410606
1410711
1410814
1410918
1411026
1411130
1411234
1411339
1411442
1411547
1411652
1411757
1411862
1411967
1412072
1412177
1412281
1412386
1412491
1412596
1412701
1412806
1412910
1413015
1413120
1413223
1413327
1413432
1413537
1413641
1413746
1413850
1413954
1414059
1414162
1414265
1414370
1414474
1414577
1414681
1414786
1414889
1414994
1415099
1415204
1415308
1415413
1415518
1415623
1415727
1415832
1415937
1416042
1416147
1416252
1416354
1416459
1416837
1416942
1417046
1417148
1417251
1417355
1417460
1417565
1417668
1417773
1417878
1417983
1418088
1418193
1418298
1418402
1418507
1418612
1418715
1418820
1418923
1419028
1419131
1419236
1419341
1419445
1419549
1419654
1419759
1419864
1419967
1420072
1420177
1420280
1420385
1420490
1420593
1420697
1420801
1420904
1421008
1421138
1421243
1421348
1421453
1421556
1421661
1421766
1421871
1421976
1422081
1422185
1422287
1422392
1422497
1422601
1422706
1422811
1422916
1423021
1423125
1423230
1423335
1423440
1423544
1423649
1423753
1423857
1423962
1424067
1424172
1424277
1424381
1424486
1424591
1424696
1424801
1424906
1425011
1425114
1425219
1425323
1425428
1425533
1425643
1425748
1425852
1425957
1426062
1426167
1426272
1426375
1426480
1426584
1426689
1426793
1426898
1427003
1427107
1427212
1427317
1427422
1427525
1427630
1427735
1427840
1427945
1428050
1428155
1428260
1428363
1428468
1428571
1428676
1428780
1428883
1428988
1429092
1429196
1429301
1429406
1429509
1429614
1429719
1429822
1429926
1430030
1430133
1430238
1430343
1430448
1430553
1430658
1430763
1430865
1430970
1431075
1431180
1431285
1431390
1431495
1431600
1431705
1431810
1431913
1432018
1432123
1432228
1432333
1432438
1432543
1432648
1432752
1432855
1432960
1433065
1433170
1433273
1433378
1433483
1433588
1433691
1433796
1433901
1434006
1434111
1434216
1434321
1434426
1434529
1434634
1434737
1434841
1434946
1435051
1435153
1435258
1435363
1435468
1435573
1435678
1435783
1435886
1435991
1436096
1436201
1436306
1436409
1436512
1436617
1436722
1436826
1436930
1437035
1437140
1437245
1437350
1437455
1437560
1437662
1437765
1437870
1437975
1438080
1438185
1438290
1438394
1438499
1438604
1438709
1438814
1438918
1439021
1439126
1439229
1439332
1439437
1439542
1439647
1439750
1439855
1439960
1440065
1440170
1440273
1440378
1440483
1440586
1440691
1440796
1440900
1441005
1441108
1441213
1441318
1441422
1441527
1441632
1441735
1441838
1441943
1442048
1442151
1442256
1442360
1442465
1442570
1442675
1442779
1442884
1442989
1443094
1443199
1443304
1443407
1443509
1443613
1443718
1443822
1443927
1444032
1444137
1444242
1444347
1444452
1444557
1444662
1444767
1444870
1444975
1445079
1445184
1445289
1445394
1445499
1445604
1445709
1445814
1445919
1446023
1446128
1446233
1446338
1446443
1446548
1446651
1446754
1446859
1446964
1447069
1447172
1447277
1447382
1447486
1447591
1447696
1447799
1447904
1448009
1448151
1448256
1448361
1448466
1448571
1448676
1448780
1448885
1448990
1449095
1449200
1449304
1449409
1449512
1449617
1449722
1449827
1449932
1450035
1450140
1450243
1450347
1450452
1450557
1450661
1450766
1450869
1450974
1451078
1451183
1451288
1451393
1451496
1451639
1451744
1451848
1451952
1452057
1452162
1452267
1452372
1452477
1452580
1452685
1452790
1452895
1453000
1453105
1453210
1453314
1453419
1453524
1453629
1453734
1453838
1453942
1454047
1454152
1454257
1454362
1454466
1454571
1454675
1454820
1454925
1455030
1455135
1455240
1455343
1455447
1455552
1455656
1455761
1455866
1455971
1456076
1456181
1456285
1456399
1456501
1456606
1456711
1456816
1456921
1457026
1457129
1457234
1457339
1457444
1457549
1457654
1457758
1457863
1457968
1458073
1458176
1458280
1458385
1458490
1458595
1458700
1458803
1458908
1459012
1459116
1459221
1459325
1459429
1459534
1459639
1459744
1459849
1459954
1460058
1460163
1460267
1460372
1460476
1460581
1460686
1460789
1460894
1460999
1461103
1461208
1461311
1461416
1461519
1461624
1461729
1461834
1461939
1462044
1462149
1462254
1462359
1462463
1462568
1462673
1462778
1462883
1462988
1463091
1463196
1463299
1463404
1463509
1463612
1463716
1463821
1463926
1464031
1464136
1464240
1464345
1464450
1464555
1464660
1464765
1464870
1464975
1465080
1465184
1465289
1465394
1465499
1465604
1465709
1465814
1465919
1466024
1466128
1466232
1466336
1466441
1466552
1466657
1466761
1466866
1466970
1467075
1467180
1467285
1467389
1467493
1467598
1467703
1467808
1467913
1468017
1468121
1468223
1468328
1468431
1468536
1468647
1468761
1468864
1468967
1469072
1469177
1469282
1469385
1469488
1469593
1469698
1469802
1469904
1470009
1470112
1470217
1470322
1470426
1470529
1470632
1470737
1470842
1470947
1471052
1471155
1471260
1471365
1471469
1471573
1471676
1471781
1471886
1471991
1472096
1472201
1472306
1472411
1472516
1472619
1472724
1472829
1472934
1473039
1473144
1473247
1473352
1473457
1473562
1473667
1473772
1473877
1473980
1474084
1474188
1474292
1474396
1474501
1474604
1474709
1474814
1474919
1475022
1475127
1475232
1475335
1475440
1475545
1475650
1475753
1475856
1475961
1476065
1476169
1476274
1476379
1476482
1476587
1476692
1476795
1476899
1477004
1477107
1477212
1477317
1477422
1477525
1477630
1477735
1477840
1477945
1478050
1478154
1478257
1478362
1478465
1478569
1478674
1478779
1478884
1478989
1479094
1479199
1479304
1479408
1479513
1479618
1479723
1479828
1479933
1480038
1480143
1480247
1480352
1480457
1480562
1480667
1480771
1480876
1480981
1481083
1481188
1481291
1481396
1481501
1481606
1481711
1481815
1481919
1482024
1482127
1482232
1482337
1482442
1482544
1482649
1482754
1482859
1482963
1483068
1483172
1483275
1483380
1483485
1483590
1483693
1483798
1483903
1484008
1484113
1484218
1484323
1484427
1484532
1484637
1484739
1484844
1484948
1485053
1485157
1485262
1485367
1485471
1485576
1485681
1485785
1485890
1485995
1486099
1486202
1486307
1486412
1486517
1486622
1486725
1486830
1486935
1487037
1487142
1487246
1487351
1487465
1487568
1487673
1487776
1487881
1487986
1488091
1488196
1488301
1488406
1488511
1488616
1488719
1488824
1488929
1489034
1489139
1489244
1489349
1489453
1489567
1489672
1489777
1489882
1489986
1490091
1490193
1490298
1490402
1490507
1490612
1490714
1490819
1490922
1491027
1491132
1491237
1491341
1491446
1491551
1491656
1491761
1491864
1491968
1492073
1492178
1492283
1492388
1492493
1492598
1492703
1492807
1492912
1493015
1493117
1493231
1493336
1493440
1493545
1493649
1493754
1493859
1493964
1494069
1494172
1494276
1494381
1494485
1494590
1494695
1494799
1494904
1495009
1495114
1495217
1495321
1495426
1495529
1495634
1495737
1495840
1495945
1496050
1496155
1496260
1496365
1496469
1496573
1496677
1496782
1496909
1497014
1497119
1497224
1497329
1497432
1497537
1497642
1497747
1497852
1497957
1498062
1498167
1498271
1498376
1498481
1498586
1498688
1498792
1498896
1499001
1499106
1499211
1499315
1499420
1499522
1499627
1499732
1499837
1499942
1500047
1500152
1500257
1500363
1676374
1676479
1676597
1676702
1676806
1676910
1677015
1677120
1677223
1677327
1677430
1677535
1677640
1677745
1677850
1677953
1678058
1678163
1678267
1678371
1678476
1678581
1678686
1678791
1678896
1679001
1679105
1679207
1679310
1679415
1679520
1679625
1679730
1679834
1679939
1680042
1680146
1680251
1680356
1680461
1680566
1680669
1680774
1680879
1680983
1681088
1681193
1681298
1681402
1681507
1681612
1681717
1681822
1681927
1682031
1682134
1682237
1682341
1682446
1682550
1682655
1682767
1682871
1682975
1683079
1683184
1683288
1683393
1683498
1683602
1683707
1683811
1683916
1684021
1684126
1684231
1684335
1684440
1684544
1684649
1684754
1684858
1684963
1685068
1685172
1685277
1685382
1685486
1685591
1685696
1685801
1685906
1686010
1686115
1686220
1686325
1686428
1686530
1686635
1686739
1686843
1686947
1687052
1687156
1687261
1687366
1687471
1687576
1687680
1687784
1687889
1687994
1688099
1688204
1688307
1688412
1688517
1688622
1688727
1688832
1688935
1689040
1689145
1689250
1689355
1689460
1689565
1689670
1689775
1689880
1689985
1690090
1690194
1690297
1690402
1690507
1690611
1690716
1690821
1690926
1691030
1691135
1691240
1691344
1691449
1691554
1691658
1691762
1691867
1691972
1692077
1692180
1692285
1692390
1692495
1692598
1692702
1692807
1692911
1693016
1693130
1693235
1693338
1693443
1693547
1693652
1693757
1693861
1693966
1694071
1694176
1694281
1694384
1694489
1694594
1694698
1694803
1694908
1695012
1695117
1695221
1695326
1695430
1695535
1695640
1695745
1695849
1695954
1696058
1696163
1696268
1696373
1696478
1696580
1696685
1696790
1696895
1697000
1697105
1697208
1697311
1697415
1697520
1697624
1697729
1697834
1697938
1698043
1698148
1698253
1698358
1698463
1698565
1698670
1698774
1698879
1698982
1699085
1699189
1699294
1699399
1699504
1699608
1699713
1699817
1699922
1700027
1700132
1700236
1700340
1700445
1700549
1700654
1700759
1700864
1700968
1701073
1701178
1701283
1701388
1701493
1701597
1701702
1701807
1701912
1702017
1702122
1702227
1702332
1702434
1702538
1702643
1702748
1702853
1702958
1703063
1703168
1703273
1703378
1703481
1703586
1703691
1703796
1703901
1704005
1704110
1704215
1704319
1704424
1704529
1704633
1704738
1704843
1704948
1705053
1705158
1705262
1705367
1705472
1705577
1705681
1705783
1705888
1705993
1706098
1706203
1706308
1706413
1706518
1706623
1706728
1706833
1706938
1707042
1707147
1707252
1707355
1707459
1707564
1707669
1707774
1707876
1707981
1708086
1708191
1708295
1708400
1708505
1708609
1708714
1708819
1708924
1709029
1709134
1709239
1709344
1709449
1709554
1709659
1709764
1709869
1709974
1710078
1710180
1710284
1710389
1710494
1710599
1710703
1710808
1710913
1711018
1711123
1711228
1711333
1711437
1711540
1711645
1711748
1711853
1711957
1712062
1712167
1712272
1712376
1712481
1712585
1712690
1712794
1712899
1713004
1713109
1713214
1713318
1713423
1713528
1713633
1713738
1713841
1713946
1714051
1714155
1714259
1714364
1714469
1714574
1714679
1714784
1714889
1714994
1715098
1715203
1715308
1715413
1715518
1715623
1715728
1715833
1715938
1716043
1716122
1716227
1716332
1716435
1716540
1716645
1716750
1716854
1716959
1717063
1717168
1717273
1717378
1717483
1717587
1717692
1717797
1718230
1718335
1718440
1718545
1718650
1718754
1718859
1718964
1719069
1719172
1719276
1719380
1719483
1719588
1719693
1719797
1719901
1720005
1720110
1720215
1720320
1720425
1720530
1720635
1720740
1720845
1720996
1721099
1721292
1721396
1721501
1721606
1721711
1721816
1721921
1722026
1722131
1722287
1722392
1722497
1722600
1722705
1722810
1722913
1723018
1723123
1723226
1723329
1723433
1723537
1723642
1723747
1723852
1724002
1724107
1724212
1724316
1724420
1724525
1724630
1724734
1724838
1726355
1726830
1726935
1727040
1728031
1728136
1728241
1728346
1728450
1728555
1728660
1728765
1728870
1728974
1729079
1729184
1729289
1729393
1729498
1729603
1729707
1729812
1729915
1730019
1730122
1730227
1730332
1730437
1730542
1730646
1730751
1730856
1730961
1731066
1731171
1731276
1731381
1731485
1731590
1731695
1731799
1731903
1732008
1732113
1732218
1732323
1732428
1732531
1732636
1732739
1732843
1732948
1733052
1733156
1733260
1733374
1733488
1733593
1733698
1733803
1733906
1734011
1734116
1734221
1734326
1734431
1734535
1734640
1734745
1734850
1734954
1735059
1735163
1735268
1735372
1735477
1735581
1743395
1743497
1743602
1743705
1743810
1743913
1744018
1744120
1744224
1744329
1744434
1744539
1744644
1744749
1744854
1744959
1745062
1745165
1745270
1745372
1745477
1745582
1745686
1745791
1745896
1746001
1746106
1746211
1746315
1746420
1746524
1746629
1746734
1746839
1746943
1747046
1747151
1747255
1747359
1747464
1747568
1747671
1747776
1747881
1747986
1748091
1748196
1748301
1748406
1748511
1748614
1748719
1748824
1748929
1749033
1749138
1749243
1749348
1749450
1749554
1749659
1749764
1749869
1749974
1750079
1750184
1750287
1750392
1750497
1750602
1750707
1750810
1750915
1751020
1751125
1751228
1751333
1751438
1751543
1751646
1751749
1751854
1751959
1752063
1752166
1752271
1752375
1752480
1752584
1752689
1752794
1752898
1753003
1753108
1753213
1753316
1753421
1753526
1753631
1753734
1753837
1753942
1754044
1754149
1754252
1754355
1754459
1754563
1754668
1754773
1754878
1754982
1755086
1755191
1755295
1755400
1755505
1755610
1755713
1755818
1755923
1756027
1756132
1756237
1756341
1756446
1756551
1756656
1756760
1756865
1756970
1757075
1757180
1757285
1757389
1757494
1757596
1757701
1757806
1757911
1758016
1758120
1758225
1758335
1758440
1758545
1758649
1758753
1758858
1758963
1759067
1759172
1759277
1759382
1759486
1759591
1759695
1759799
1759904
1760009
1760113
1760218
1760321
1760426
1760531
1760636
1760741
1760846
1760951
1761056
1761161
1761265
1761370
1761475
1761580
1761685
1761790
1761893
1761998
1762102
1762207
1762310
1762415
1762520
1762625
1762730
1762835
1762940
1763043
1763148
1763253
1763358
1763461
1763566
1763671
1763775
1763880
1763985
1764090
1764194
1764299
1764404
1764509
1764613
1764717
1764822
1764927
1765032
1765137
1765241
1765346
1765451
1765556
1765661
1765766
1765870
1765973
1766077
1766182
1766285
1766390
1766495
1766599
1766704
1766808
1766913
1767018
1767129
1767234
1767339
1767442
1767547
1767652
1767757
1767862
1767966
1768071
1768176
1768281
1768386
1768491
1768593
1768698
1768803
1768906
1769011
1769116
1769221
1769324
1769429
1769534
1769638
1769743
1769848
1769953
1770057
1770162
1770267
1770371
1770476
1770580
1770685
1770790
1770895
1771000
1771105
1771210
1771313
1771418
1771532
1771643
1771748
1771853
1771958
1772063
1772168
1772273
1772378
1772483
1772587
1772692
1772796
1772901
1773006
1773111
1773216
1773321
1773426
1773531
1773636
1773741
1773846
1773951
1774056
1774161
1774266
1774371
1774476
1774580
1774684
1774789
1774894
1774999
1775103
1775206
1775311
1775416
1775518
1775621
1775731
1775835
1775939
1776044
1776149
1776254
1776359
1776464
1776569
1776674
1776779
1776884
1776987
1777092
1777196
1777301
1777405
1777510
1777615
1777720
1777825
1777930
1778035
1778140
1778246
1778351
1778456
1778561
1778666
1778771
1778874
1778979
1779084
1779188
1779293
1779398
1779503
1779608
1779711
1779814
1779919
1780024
1780129
1780234
1780339
1780443
1780548
1780844
1780948
1781053
1781156
1781258
1781363
1782438
1782543
1782648
1782752
1782856
1782961
1783066
1783193
1783298
1783403
1783507
1783612
1783717
1783822
1783927
1784030
1784132
1784243
1784346
1784451
1784556
1784661
1784765
1784869
1784973
1785075
1785179
1785293
1785398
1785503
1785607
1785734
1785836
1785941
1786046
1786151
1786256
1786361
1786465
1786570
1786674
1786779
1786884
1786989
1787094
1787199
1787304
1787408
1787513
1787618
1787723
1787828
1787933
1788038
1788143
1788248
1788353
1788455
1788560
1788665
1788770
1788875
1788978
1789083
1789188
1789293
1789398
1789501
1789606
1789709
1789813
1789917
1790021
1790126
1790230
1790335
1790440
1790545
1790649
1790754
1790859
1790964
1791069
1791174
1791279
1791383
1791488
1791593
1791698
1791802
1791907
1792011
1792116
1792221
1792326
1792429
1792532
1792637
1792742
1792847
1792951
1793056
1793161
1793266
1793371
1793476
1793581
1793686
1793789
1793861
1793966
1794070
1794175
1794280
1794383
1794486
1794589
1795979
1796084
1796187
1796292
1796397
1796502
1796699
1796804
1796908
1797013
1797118
1797223
1797328
1797433
1797538
1797643
1797746
1797851
1797956
1798060
1798165
1798270
1798375
1798480
1798584
1798688
1798793
1798896
1799000
1799105
1799210
1799315
1803053
1803156
1803261
1803365
1803470
1803574
1803679
1803784
1803888
1803993
1804098
1804200
1804305
1804410
1804515
1804620
1804725
1804830
1804935
1805037
1805142
1805247
1805352
1805457
1805561
1805663
1805768
1805873
1805976
1806081
1806186
1806289
1806394
1806499
1806604
1806709
1806813
1806918
1807023
1807128
1807233
1807338
1807442
1807547
1807652
1807756
1807861
1807966
1808070
1808175
1808279
1808384
1808489
1808599
1808704
1808809
1808913
1809018
1809122
1809236
1809341
1809446
1809551
1809655
1809760
1809865
1809969
1810073
1810178
1810281
1810386
1810491
1810596
1810701
1810805
1810910
1811015
1811118
1811223
1811327
1811432
1811535
1811639
1811751
1811856
1811961
1812064
1812167
1812272
1812377
1812482
1812587
1812689
1812794
1812898
1813003
1813106
1813210
1813315
1813418
1813521
1813626
1813731
1813836
1813941
1814046
1814151
1814256
1814361
1814466
1814570
1814675
1814777
1814882
1814987
1815092
1815197
1815302
1815407
1815511
1815616
1815721
1815825
1815930
1816034
1816139
1816242
1816346
1816450
1816555
1816660
1816761
1816866
1816971
1817076
1817181
1817286
1817391
1817496
1817601
1817706
1817810
1817915
1818020
1818125
1818230
1818335
1818440
1818543
1818648
1818753
1818858
1818962
1819067
1819172
1819277
1819382
1819487
1819592
1819697
1819824
1819928
1820033
1820138
1820243
1820347
1820450
1820554
1820659
1820764
1820869
1820973
1821077
1821182
1821286
1821390
1821495
1821600
1821705
1821810
1821915
1822018
1822123
1822228
1822333
1822438
1822543
1822648
1822753
1822858
1822962
1823066
1823169
1823273
1823377
1823481
1823586
1823691
1823796
1823901
1824006
1824111
1824214
1824319
1824423
1824528
1824639
1824744
1824848
1824953
1825055
1825233
1825338
1825443
1825547
1825652
1825757
1825862
1825967
1826072
1826177
1826282
1826387
1826492
1826596
1826701
1826805
1826909
1827014
1827119
1827224
1827329
1827434
1827548
1827651
1827756
1827861
1827964
1828067
1828172
1828274
1828379
1828484
1828589
1828694
1828797
1828900
1829003
1829105
1829208
1829313
1829416
1829520
1829623
1829727
1829831
1829936
1830041
1830146
1830249
1830353
1830458
1830563
1830667
1830772
1830877
1830980
1831085
1831189
1831293
1831398
1831503
1831607
1831712
1831817
1831920
1832025
1832130
1832235
1832340
1832445
1832550
1832655
1832759
1832864
1832968
1833073
1833178
1833283
1833388
1833493
1833598
1833703
1833807
1833912
1834017
1834120
1834224
1834329
1834434
1834539
1834644
1834749
1834852
1834956
1835059
1835163
1835268
1835373
1835478
1835581
1835686
1835791
1835895
1836000
1836103
1836208
1836313
1836418
1836523
1836627
1836732
1836834
1836939
1837043
1837147
1837251
1837356
1837461
1837564
1837669
1837774
1837879
1837984
1838089
1838193
1838296
1838401
1838504
1838609
1838714
1838819
1838922
1839027
1839130
1839235
1839340
1839444
1839549
1839654
1839759
1839864
1839969
1840074
1840178
1840282
1840387
1841414
1841519
1841623
1841728
1841833
1841937
1842042
1842147
1842252
1842357
1842462
1842566
1842671
1842776
1842881
1842985
1843090
1843195
1843300
1843405
1843510
1843615
1843720
1843825
1843930
1844034
1844139
1844242
1844345
1844450
1844554
1844657
1844762
1844867
1844971
1845076
1845180
1845283
1845388
1845493
1845595
1845699
1845804
1845909
1846014
1846119
1846223
1846328
1846433
1846538
1846641
1846746
1846851
1846954
1847059
1847164
1847269
1847372
1847476
1847581
1847686
1847791
1847894
1848041
1848146
1848249
1848352
1848455
1848560
1848665
1848770
1848875
1848978
1849083
1849188
1849293
1849398
1849502
1849606
1849711
1849816
1849920
1850025
1850129
1850234
1850339
1850444
1850549
1850653
1850758
1850863
1850968
1851071
1851176
1851280
1853456
1853560
1853665
1853770
1853875
1853980
1854085
1854193
1854297
1854401
1854504
1854608
1854711
1854816
1854921
1855025
1855130
1855233
1855338
1855443
1855547
1855652
1855755
1855859
1855964
1856069
1856174
1856279
1856384
1856489
1856593
1856696
1856800
1856901
1857006
1857111
1857216
1857321
1857424
1857527
1857631
1857736
1857841
1857945
1858048
1858153
1858258
1858363
1858468
1858573
1858678
1858783
1858888
1858993
1859096
1872488
1872593
1872698
1872803
1872908
1873013
1873118
1873223
1873327
1873432
1873537
1873640
1873745
1873850
1873954
1874059
1874164
1874269
1874373
1874476
1874581
1874686
1874790
1874895
1875000
1875105
1875210
1875314
1875418
1875523
1875628
1875733
1875838
1875943
1876047
1876152
1876257
1876362
1876466
1876571
1876673
1876778
1876883
1876985
1877089
1877194
1877299
1877404
1877509
1877614
1877719
1877824
1877929
1878034
1878138
1878243
1878348
1878453
1878558
1878663
1878768
1878873
1878978
1879083
1879188
1879293
1879397
1879502
1879605
1879710
1879815
1879920
1880025
1880129
1880234
1880339
1880444
1880549
1880652
1880757
1880862
1880967
1881072
1881177
1881280
1881384
1881489
1881592
1881696
1881801
1881906
1882010
1882114
1882216
1882321
1882424
1882528
1882633
1882737
1882842
1882947
1883050
1883155
1883260
1883365
1883470
1883575
1883680
1883785
1883890
1883995
1884100
1884205
1884310
1884415
1884519
1884624
1884727
1884832
1884937
1885042
1885147
1885252
1885355
1885460
1885565
1885667
1885772
1885877
1885981
1886086
1886191
1886296
1886400
1886504
1886609
1886714
1886819
1886920
1887024
1887129
1887232
1887337
1887442
1887547
1887652
1887757
1887862
1887967
1888072
1888175
1888280
1888385
1888497
1888601
1888704
1888809
1888914
1889018
1889123
1889228
1889338
1889443
1889548
1889651
1889756
1889902
1890007
1890112
1890216
1890321
1890426
1890531
1890635
1890740
1890843
1890948
1891053
1891157
1891262
1891367
1891472
1891577
1891656
1891761
1891866
1891971
1892076
1892179
1892281
1892386
1892491
1892596
1892701
1892804
1892907
1893011
1893115
1893220
1893324
1893429
1893534
1893639
1893744
1893848
1893953
1894055
1894160
1894265
1894370
1894474
1894579
1894684
1894789
1894894
1894999
1895104
1895209
1895314
1895419
1895524
1895629
1895734
1895837
1895940
1896045
1896148
1896253
1896358
1896463
1896568
1896673
1896778
1896882
1896987
1897089
1897192
1897297
1897405
1897510
1897615
1897720
1897825
1897928
1898032
1898137
1898247
1898351
1898456
1898561
1898666
1898770
1898875
1898980
1899085
1899188
1899292
1899397
1899501
1899606
1899710
1899815
1899917
1900022
1900127
1900229
1900334
1900439
1900544
1900648
1900753
1900858
1900962
1901067
1901172
1901277
1901382
1901487
1901590
1901695
1901798
1901903
1902008
1902113
1902218
1902321
1902424
1902529
1902634
1902738
1902842
1902946
1903051
1903156
1903259
1903364
1903468
1903571
1903674
1903779
1903884
1903989
1904094
1904199
1904304
1904409
1904514
1904619
1904724
1904829
1904934
1905039
1905143
1905248
1905352
1905457
1905561
1905666
1905771
1905876
1905981
1906086
1906190
1906293
1906397
1906502
1906607
1906712
1906817
1906922
1907025
1907129
1907234
1907338
1907442
1907545
1907648
1907753
1907857
1907960
1908063
1908167
1908272
1908436
1908541
1908645
1908750
1908855
1908960
1909064
1909169
1909274
1909379
1909482
1909587
1909692
1909796
1909901
1910006
1910111
1910216
1910319
1910424
1910529
1910634
1910739
1910843
1910947
1911052
1911157
1911262
1911366
1911470
1911575
1911680
1912662
1912767
1912871
1912974
1913079
1913184
1913289
1913391
1913603
1913707
1913810
1913914
1914016
1914121
1914226
1914329
1914434
1914539
1914644
1914749
1914854
1914959
1915064
1915174
1915279
1915383
1915487
1915591
1915696
1915801
1915906
1916011
1916116
1916458
1916563
1916668
1916772
1916877
1916982
1917086
1917191
1917296
1917401
1917506
1917611
1917713
1917818
1917923
1918028
1918133
1918237
1918342
1918447
1918550
1918655
1918760
1918864
1918969
1919074
1919179
1919284
1919389
1919494
1919599
1919704
1919807
1919912
1920017
1920175
1920278
1920382
1920487
1920592
1920697
1920802
1920906
1921011
1921116
1921219
1921324
1921429
1921534
1921639
1921744
1921847
1921950
1922055
1922160
1922265
1922369
1922474
1922579
1922684
1922789
1922894
1923008
1923152
1923257
1923362
1923467
1923572
1923679
1923784
1923889
1923994
1924099
1924201
1924306
1924411
1924516
1924645
1924750
1924855
1924960
1925064
1925169
1925274
1925378
1925483
1925587
1925691
1925796
1925901
1926006
1926111
1926214
1926318
1926421
1926682
1926786
1926891
1926996
1927099
1927559
1930475
1930580
1930685
1930790
1930892
1930997
1931102
1931207
1931312
1931417
1931527
1931631
1931734
1931839
1931944
1932049
1932154
1932259
1932363
1932467
1932572
1932677
1932782
1932885
1932990
1933094
1933199
1933304
1933409
1933512
1933617
1933722
1933827
1933931
1934036
1934141
1934246
1934351
1934456
1934561
1934664
1934769
1934874
1939265
1939368
1939473
1939587
1939692
1939796
1939901
1940006
1940110
1940215
1940318
1940422
1940527
1940632
1940737
1940842
1940947
1941052
1941156
1941261
1941365
1941470
1941575
1941679
1941784
1941889
1941994
1942098
1942203
1942308
1942413
1942518
1942622
1942727
1942831
1942933
1943036
1943140
1943245
1943347
1943452
1943557
1943662
1943767
1943872
1943975
1944080
1944185
1944290
1944393
1944497
1944600
1944702
1944807
1944912
1945016
1945121
1945224
1945329
1945434
1945539
1945644
1945749
1945854
1945958
1946063
1946166
1946271
1946376
1946481
1946586
1946691
1946796
1946901
1947006
1947111
1947216
1947321
1947426
1947531
1947636
1947740
1947845
1947949
1948052
1948157
1948262
1948367
1948472
1948577
1948682
1948787
1948892
1948996
1949099
1949204
1949309
1949414
1949517
1949621
1949725
1949829
1949934
1950039
1950144
1950249
1950354
1950458
1950563
1950668
1950773
1950876
1950981
1951086
1951191
1951296
1951399
1951503
1951606
1951711
1951816
1951921
1952026
1952131
1952234
1952339
1952444
1952549
1952653
1952758
1952863
1952968
1953071
1953176
1953281
1953384
1953489
1953594
1953699
1953804
1953909
1954014
1954118
1954223
1954337
1954442
1954547
1954650
1954754
1954859
1954964
1955069
1955174
1955279
1955384
1955488
1955593
1955698
1955802
1955907
1956012
1956117
1956222
1956325
1956430
1956535
1956639
1956744
1956849
1956953
1957057
1957162
1957267
1957372
1957477
1957581
1957686
1957791
1957895
1957999
1958102
1958206
1958310
1958415
1958520
1958625
1958730
1958835
1958940
1959043
1959148
1959253
1959357
1959462
1959566
1959671
1959776
1959881
1959985
1960090
1960194
1960298
1960403
1960508
1960613
1960716
1960821
1960926
1961031
1961136
1961241
1961346
1961451
1961556
1961661
1961766
1961870
1961975
1962079
1962182
1962287
1962392
1962497
1962602
1962706
1962811
1962916
1963021
1963124
1963229
1963334
1963439
1963543
1963648
1963751
1963855
1963960
1964065
1964169
1964274
1964379
1964484
1964589
1964694
1964799
1964903
1965008
1965113
1965216
1965326
1965429
1965532
1965637
1965742
1965847
1965952
1966057
1966162
1966267
1966372
1966477
1966582
1966687
1966790
1966895
1966999
1967104
1967209
1967314
1967419
1967524
1967629
1967733
1967836
1967940
1968045
1968150
1968252
1968357
1968462
1968567
1968672
1968775
1968880
1968984
1969088
1969193
1969298
1969402
1969506
1969611
1969765
1969870
1969975
1970079
1970183
1970286
1970391
1970495
1970600
1970705
1970810
1970915
1971019
1971123
1971237
1971342
1971447
1971552
1971657
1971760
1971864
1971969
1972074
1972179
1972284
1972389
1972494
1972599
1972701
1972806
1972909
1973014
1973118
1973386
1973491
1973596
1973701
1973806
1973911
1974015
1974119
1974224
1974329
1974434
1974539
1974644
1974749
1974854
1974957
1975069
1975174
1975279
1975384
1975489
1975594
1975699
1975804
1975909
1976014
1976144
1976249
1976354
1976459
1976564
1976669
1976774
1976878
1976982
1977085
1977190
1977295
1977400
1977504
1977609
1977714
1977817
1977922
1978024
1978129
1978233
1978338
1978441
1978546
1978650
1978755
1978860
1978965
1979070
1979173
1979276
1979381
1979486
1979591
1979695
1979800
1979905
1980009
1980113
1980216
1980321
1980425
1980527
1980672
1980777
1980882
1980987
1981092
1981196
1981301
1981406
1981511
1981616
1981721
1981826
1981931
1982036
1982140
1982245
1982350
1982454
1982557
1982662
1982767
1982872
1982977
1983082
1983187
1983292
1983397
1983501
1983606
1983711
1983816
1983919
1984023
1984344
1984449
1984552
1984657
1984762
1984867
1984972
1985077
1985180
1985285
1985389
1985493
1985598
1985703
1985808
1985913
1986018
1986123
1986228
1986331
1986436
1986540
1986645
1986750
1986855
1986960
1987063
1987166
1987271
1987376
1987481
1987586
1987691
1987795
1987900
1988005
1988110
1988213
1988318
1988423
1988528
1988633
1988737
1988842
1988946
1989051
1989154
1989258
1989362
1989465
1989569
1989674
1989778
1989883
1989988
1990093
1990196
1990301
1990406
1990511
1990615
1997166
1997271
1997374
1997479
1997584
1997688
1997792
1997897
1998000
1998105
1998209
1998313
1998416
1998521
1998626
1998736
1998841
1998946
1999051
1999156
1999261
1999366
1999471
1999573
1999678
1999783
1999888
1999993
2000098
2000203
2000308
2000413
2000517
2000622
2000727
2000832
2000937
2001042
2001147
2001252
2001357
2001462
2001567
2001672
2001776
2001881
2001984
2002088
2002193
2002298
2002403
2002507
2002612
2002717
2002819
2002923
2003028
2003133
2003238
2003343
2003448
2003553
2003657
2003760
2003864
2003967
2004072
2004177
2004282
2004387
2004492
2004595
2004700
2004805
2004910
2005014
2005119
2005224
2005328
2005433
2005538
2005643
2005748
2005851
2005955
2006060
2006164
2006269
2006373
2006478
2006583
2006688
2006790
2006895
2007000
2007105
2007210
2007321
2007426
2007545
2007649
2007753
2007858
2007962
2008067
2008171
2008276
2008380
2008485
2008590
2008695
2008798
2008903
2009008
2009113
2009218
2009321
2009426
2009542
2009647
2009750
2009853
2009958
2010063
2010167
2010270
2010375
2010480
2010598
2010703
2010806
2010911
2011016
2011121
2011226
2011331
2011434
2011543
2011648
2011752
2011857
2011961
2012066
2012171
2012275
2012380
2012484
2012594
2012699
2012804
2012909
2013014
2013119
2013222
2013326
2013429
2013533
2013635
2013738
2013843
2013948
2014053
2014156
2014261
2014365
2014470
2014572
2014676
2014779
2014884
2014988
2015092
2015197
2015302
2015407
2015512
2015617
2015721
2015824
2015927
2016031
2016135
2016239
2016344
2016449
2016554
2016659
2016764
2016869
2016974
2017079
2017184
2017288
2017392
2017495
2017599
2017717
2017822
2017927
2018032
2018137
2018241
2018345
2018448
2018553
2018658
2018762
2018867
2018972
2019075
2019179
2019283
2019388
2019493
2019598
2019703
2019808
2019912
2020017
2020122
2020227
2020332
2020435
2020540
2020645
2020750
2020855
2020960
2021065
2021168
2021273
2021378
2021483
2021588
2021693
2021798
2021900
2022003
2022108
2022213
2022318
2022423
2022528
2022633
2022736
2022839
2022943
2023048
2023153
2023257
2023362
2023472
2023577
2023682
2023787
2023891
2023996
2024100
2024205
2024310
2024415
2024526
2024631
2024735
2024840
2024944
2025049
2025153
2025258
2025363
2025468
2025573
2025678
2025783
2025886
2025990
2026094
2026199
2026302
2026407
2026512
2026617
2026722
2026827
2026932
2027036
2027141
2027246
2027351
2027456
2027560
2027665
2027770
2027875
2027978
2028083
2028188
2028291
2028396
2028501
2028606
2028710
2028815
2028919
2029024
2029129
2029233
2029337
2029441
2029544
2029649
2029754
2029859
2029964
2030068
2030173
2030276
2030381
2030484
2030589
2030693
2030797
2030902
2031007
2031112
2031215
2031320
2031423
2031528
2031631
2031736
2031841
2031946
2032050
2032154
2032258
2032363
2032468
2032580
2032684
2032789
2032894
2032999
2033103
2033208
2033313
2033418
2033523
2033628
2033733
2033838
2033943
2034048
2034151
2034256
2034361
2034466
2034571
2034676
2034780
2034882
2035368
2035473
2035578
2035984
2036124
2036229
2036334
2036439
2036544
2036646
2036751
2036856
2036961
2037066
2037171
2037275
2037380
2037485
2037589
2037692
2037797
2037902
2038007
2038112
2038216
2038321
2038426
2038530
2038635
2038738
2038843
2038947
2039049
2039154
2039259
2039362
2039467
2039572
2039676
2039781
2039886
2039991
2040096
2040199
2040304
2040409
2040514
2040619
2040721
2040826
2040929
2041033
2041138
2041242
2041345
2041449
2041552
2041655
2041760
2041864
2041969
2042073
2042178
2042282
2042387
2042491
2042595
2042700
2042805
2042910
2043015
2043120
2043225
2043328
2043433
2043538
2043643
2043747
2043852
2043957
2044062
2044167
2044272
2044376
2044479
2044582
2044687
2044792
2044895
2045000
2045104
2045209
2045314
2045419
2045524
2045626
2045731
2045836
2045941
2046046
2046151
2046255
2046360
2046465
2046570
2046675
2046780
2046883
2046988
2047093
2047207
2047309
2047414
2047517
2047621
2047726
2047829
2047934
2048039
2048143
2048248
2048352
2048457
2048562
2048666
2048771
2048876
2048980
2049084
2049189
2049294
2049397
2049502
2049607
2049711
2049816
2049921
2050026
2050900
2051005
2051108
2051213
2051316
2051586
2051691
2051794
2052093
2052198
2052303
2052408
2052513
2052617
2052721
2052826
2052929
2053034
2053139
2053244
2053349
2053454
2053558
2053661
2053766
2053871
2053973
2054078
2054183
2054286
2054390
2054494
2054599
2054704
2054809
2054913
2055018
2055122
2055226
2055331
