1168
1228
1286
1346
1010189
1010557
1010733
1010868
1010938
1010990
1011042
1011109
1011224
1046054
1046096
1153625
1175253
1392948
1448112
1451599
1454780
1501043
1501113
1501175
1501223
1501285
1501336
1501409
1501476
1501529
1501606
1501661
1501734
1501804
1501868
1501939
1502003
1502068
1502122
1502190
1502258
1502321
1502392
1502462
1502521
1502587
1502657
1502709
1502775
1502834
1502890
1502950
1503007
1503067
1503134
1503190
1503247
1503327
1503406
1503462
1503518
1503588
1503648
1504009
1504051
1504101
1504153
1504202
1504262
1504323
1504378
1504434
1504507
1504570
1504617
1504675
1504740
1504801
1504869
1504919
1504983
1505057
1505185
1505244
1505300
1505362
1505426
1505482
1505543
1505614
1505678
1505734
1505797
1505863
1505918
1505980
1506037
1506144
1506195
1506250
1506313
1506379
1506439
1506500
1506561
1506625
1506684
1506747
1507014
1507064
1507789
1507860
1507916
1507995
1508061
1508125
1508186
1508263
1508343
1508605
1508657
1508708
1508764
1508825
1508883
1508942
1509000
1509061
1509111
1509173
1509230
1509291
1509347
1509404
1509469
1509535
1509593
1509649
1509707
1509765
1509824
1509883
1509940
1509993
1510051
1510118
1510184
1510250
1510310
1510378
1510457
1510512
1510576
1510638
1510697
1510760
1510824
1510882
1510927
1510976
1511028
1511087
1511146
1511197
1511261
1511321
1511377
1511460
1511523
1511587
1511646
1511696
1511752
1511825
1511914
1511983
1512039
1512249
1512375
1512426
1512520
1512579
1512637
1512704
1512761
1512862
1512912
1512954
1513005
1513049
1513109
1513156
1513216
1513276
1513333
1513385
1513449
1513511
1513559
1513626
1513681
1513736
1513787
1513841
1513892
1514033
1514098
1514160
1514220
1514272
1514328
1514388
1514447
1514508
1514589
1514669
1514731
1514796
1514858
1514923
1514985
1515043
1515095
1515144
1515193
1515238
1515305
1515359
1515411
1515464
1515525
1515582
1515639
1515691
1515744
1515797
1515857
1515909
1515952
1516006
1516065
1516125
1516179
1516225
1516286
1516338
1516400
1516459
1516525
1516593
1516655
1516715
1516760
1516809
1516872
1516939
1516991
1517052
1517103
1517156
1517214
1517272
1517326
1517396
1517462
1517573
1517636
1517697
1517756
1517812
1517875
1518476
1518525
1518756
1518807
1518865
1518928
1518988
1519043
1519103
1519154
1519204
1519253
1519312
1519370
1519425
1519480
1519549
1519612
1519662
1519716
1519772
1519838
1519895
1519945
1519995
1520042
1520093
1520150
1520213
1520277
1520329
1520378
1520434
1520483
1520532
1520582
1520632
1520686
1520751
1520796
1520855
1520917
1520977
1521141
1521193
1521249
1521305
1521367
1521430
1521492
1521550
1521612
1521687
1521752
1521814
1521878
1521946
1522005
1522070
1522130
1522204
1522283
1522349
1522415
1522483
1522549
1522614
1522681
1522747
1522810
1522868
1522933
1522998
1523065
1523133
1523267
1523325
1523387
1523440
1523502
1523553
1523621
1523686
1523749
1523809
1523868
1523932
1523993
1524045
1524150
1524209
1524308
1524460
1524518
1524582
1524646
1524707
1524769
1524835
1524953
1525033
1525098
1525167
1525230
1525334
1525401
1525472
1525543
1525621
1525688
1525740
1525807
1525860
1525920
1525978
1526053
1526223
1526296
1526364
1526428
1526475
1526559
1526620
1526684
1526748
1526814
1526881
1526954
1527023
1527114
1527175
1527248
1527322
1527384
1527447
1527505
1527583
1527642
1527709
1527771
1527831
1527992
1528086
1528145
1528201
1528277
1528352
1528418
1528478
1528540
1528605
1528739
1528868
1528990
1529120
1529245
1529363
1529462
1529534
1529606
1529671
1529745
1529812
1529875
1529929
1529975
1530031
1530196
1530259
1530328
1530396
1530466
1530535
1530597
1530652
1530719
1530778
1530840
1530911
1530972
1531076
1531132
1531190
1531254
1531307
1531370
1531428
1531497
1531556
1531617
1531677
1531741
1531803
1531865
1531923
1531977
1532043
1532199
1532243
1532303
1532353
1532455
1532516
1532568
1532631
1532694
1532744
1532789
1532847
1532913
1532983
1533047
1533119
1533189
1533250
1533310
1533369
1533429
1533571
1533635
1533698
1533760
1533821
1533877
1533936
1533999
1534060
1534128
1534186
1534239
1534296
1534349
1534406
1534456
1534513
1534566
1534625
1534687
1534820
1534877
1534938
1535006
1535090
1535142
1535209
1535265
1535317
1535372
1535438
1535491
1535549
1535610
1535676
1535967
1536030
1536102
1536154
1536217
1536276
1536320
1536373
1536434
1536490
1536551
1536607
1536676
1536734
1536795
1536855
1536921
1536979
1537043
1537096
1537151
1537221
1537288
1537363
1537421
1537486
1537542
1537612
1537657
1537718
1537772
1537830
1537882
1537934
1537987
1538041
1538138
1538193
1538248
1538310
1538379
1538458
1538521
1538591
1538654
1538734
1538861
1538929
1538987
1539052
1539109
1539164
1539216
1539273
1539374
1539431
1539483
1539529
1539594
1539657
1539721
1539775
1539835
1539889
1539965
1540028
1540168
1540224
1540287
1540352
1540413
1540471
1540537
1540602
1540652
1540704
1540763
1540815
1540875
1540928
1540995
1541049
1541112
1541659
1541803
1541852
1541916
1541974
1542040
1542096
1542154
1542207
1542265
1542325
1542382
1542447
1542502
1542568
1542622
1542699
1542778
1542828
1542881
1542936
1542996
1543059
1543130
1543185
1543247
1543304
1543360
1543409
1543459
1543552
1543615
1543701
1543786
1543839
1543902
1543982
1544045
1544102
1544146
1544204
1544260
1544320
1544374
1544430
1544491
1544544
1544604
1544670
1544728
1544792
1544845
1544901
1544969
1545029
1545083
1545144
1545207
1545313
1545373
1545439
1545495
1545638
1545697
1545751
1545818
1545875
1545936
1545995
1546061
1546130
1546188
1546243
1546306
1546362
1546421
1546475
1546531
1546582
1546637
1546702
1546766
1546817
1546859
1546917
1546966
1547025
1547087
1547156
1547225
1547288
1547349
1547415
1547488
1547558
1547630
1547699
1547771
1547837
1547897
1548062
1548124
1548173
1548257
1548322
1548385
1548494
1548559
1548673
1548734
1548802
1548870
1548934
1548992
1549053
1549106
1549178
1549236
1549301
1549361
1549423
1549534
1549609
1549725
1549782
1549849
1549907
1549965
1550030
1550095
1550155
1550211
1550270
1550329
1550396
1550454
1550513
1550571
1550631
1550688
1550746
1550800
1550858
1550915
1550968
1551028
1551081
1551210
1551261
1551318
1551378
1551434
1551489
1551546
1551593
1551645
1551700
1551862
1551918
1551981
1552033
1552090
1552148
1552220
1552284
1552343
1552402
1552527
1552582
1552634
1552687
1552735
1552786
1552844
1552902
1552962
1553019
1553083
1553133
1553176
1553223
1553270
1553327
1553393
1553454
1553512
1553572
1553629
1553693
1553764
1553818
1553874
1553933
1553974
1554023
1554080
1554145
1554200
1554258
1554425
1554489
1554545
1554595
1554699
1554749
1554807
1554976
1555034
1555108
1555165
1555217
1555266
1555315
1555370
1555430
1555490
1555548
1555602
1555664
1555727
1555786
1555846
1555906
1555960
1556970
1557023
1557070
1557283
1557354
1557424
1557492
1557551
1557596
1557645
1557700
1557747
1557797
1557853
1558052
1558109
1558168
1558220
1558280
1558347
1558419
1558476
1558537
1558598
1558656
1558718
1558781
1558830
1558887
1558941
1559006
1559065
1559134
1559187
1559248
1559305
1559360
1559415
1559466
1559521
1559591
1559660
1559732
1559855
1559913
1559979
1560035
1560101
1560154
1560222
1560277
1560352
1560414
1560487
1560547
1560618
1560676
1560745
1560801
1560867
1560921
1560995
1561056
1561122
1561175
1561246
1561304
1561377
1561437
1561510
1561570
1561641
1561699
1561774
1561836
1561905
1561961
1562031
1562088
1562169
1562237
1562316
1562382
1562456
1562517
1562590
1562650
1562722
1562781
1562853
1562912
1562983
1563041
1563113
1563172
1563255
1563325
1563405
1563472
1563551
1563617
1563693
1563756
1563834
1563899
1563974
1564036
1564112
1564175
1564235
1564302
1564359
1564417
1564474
1564531
1564588
1564644
1564710
1564783
1564840
1564904
1564975
1565040
1565112
1565169
1565244
1565318
1565387
1565459
1565523
1565585
1565652
1565717
1565781
1565836
1565986
1566038
1566086
1566139
1566195
1566290
1566360
1566429
1566510
1566584
1566687
1566739
1566791
1566833
1566881
1566942
1567107
1567177
1567458
1567520
1567571
1567630
1567698
1567748
1567810
1567864
1567913
1567969
1568016
1568071
1568128
1568189
1568239
1568294
1568351
1568401
1568499
1568563
1568623
1568684
1568752
1568806
1568861
1568926
1568988
1569054
1569111
1569172
1569229
1569291
1569357
1569428
1569492
1569556
1569614
1569688
1569753
1569812
1569886
1569998
1570068
1570145
1570218
1570298
1570366
1570436
1570505
1570575
1570652
1570725
1570789
1570845
1570909
1570972
1571147
1571213
1571278
1571337
1571399
1571455
1571518
1571574
1571638
1571707
1571765
1571823
1571937
1571987
1572044
1572113
1572170
1572229
1572291
1572351
1572407
1572463
1572522
1572583
1572641
1572725
1572793
1572857
1573103
1573172
1573237
1573323
1573389
1573465
1573542
1573606
1573663
1573725
1573781
1573851
1573922
1573984
1574042
1574109
1574166
1574228
1574293
1574359
1574432
1574492
1574553
1574739
1574890
1574979
1575740
1575795
1575863
1575925
1575991
1576051
1576107
1576167
1576282
1576331
1576391
1576522
1576569
1576625
1576683
1576765
1576841
1576921
1576998
1577055
1577112
1577169
1577234
1577300
1577348
1577411
1577468
1577518
1577574
1577631
1577681
1577730
1577786
1577841
1577895
1577948
1578008
1578058
1578113
1578175
1578239
1578298
1578367
1578426
1578492
1578550
1578606
1578662
1578725
1578787
1578843
1578906
1578972
1579030
1579086
1579149
1579205
1579264
1579329
1579384
1579440
1579503
1579570
1579635
1579691
1579750
1579808
1579864
1579921
1579980
1580033
1580105
1580157
1580218
1580613
1580709
1580748
1580810
1580869
1580948
1581025
1581102
1581147
1581199
1581260
1581310
1581372
1581427
1581489
1581551
1581598
1581648
1581706
1581768
1581827
1581877
1581924
1581985
1582092
1582151
1582198
1582250
1582307
1582367
1582421
1582478
1582544
1582663
1582718
1582801
1582852
1582907
1582958
1583013
1583087
1583163
1583234
1583303
1583362
1583535
1583596
1583650
1583700
1583758
1583824
1583878
1583932
1583992
1584038
1584093
1584145
1584192
1584246
1584298
1584352
1584415
1584472
1584535
1584598
1584658
1584718
1584785
1584836
1584887
1584946
1585002
1585066
1585129
1585182
1585241
1585301
1585617
1585663
1586224
1586274
1586331
1586387
1586445
1586498
1586552
1586605
1586669
1586735
1586784
1586840
1586883
1586945
1587016
1587079
1587149
1587214
1587273
1587344
1587411
1587479
1587541
1587602
1587679
1587736
1587801
1587867
1588023
1588079
1588139
1588194
1588239
1588295
1588350
1588408
1588468
1588519
1588578
1588631
1588683
1588740
1588798
1588860
1588922
1588985
1589045
1589101
1589151
1589209
1589271
1589337
1589389
1589451
1589516
1589572
1589613
1589711
1589813
1589857
1589901
1589945
1589989
1590033
1590077
1590124
1590171
1590218
1590275
1590329
1590378
1590436
1590953
1591017
1591082
1591136
1591191
1591241
1591303
1591365
1591428
1591491
1591544
1591607
1591673
1591734
1591800
1591886
1591949
1592010
1592074
1592126
1592185
1592248
1592316
1592382
1592447
1592508
1592576
1592636
1592704
1592779
1592847
1592913
1592973
1593037
1593094
1593151
1593224
1593289
1593344
1593419
1593492
1593566
1593647
1593708
1593784
1593850
1593922
1593981
1594035
1594096
1594163
1594214
1594273
1594335
1594397
1594453
1594508
1594563
1594625
1594679
1594736
1594796
1594850
1594910
1595032
1595091
1595154
1595214
1595276
1595338
1595414
1595485
1595566
1595622
1595705
1595776
1595832
1595895
1596185
1596241
1596297
1596354
1596423
1596478
1596535
1596587
1596649
1596704
1596758
1596807
1596860
1596911
1596967
1597049
1597093
1597148
1597202
1597256
1597306
1597356
1597408
1597469
1597537
1597599
1597663
1597723
1597773
1597831
1597890
1597938
1597996
1598051
1598095
1598151
1598210
1598262
1598379
1598417
1598467
1598524
1598574
1598625
1598689
1598751
1598814
1598870
1598934
1598996
1599054
1599110
1599183
1599254
1599313
1599377
1599436
1599496
1599579
1599646
1599713
1599776
1599846
1599898
1599954
1600003
1600045
1600100
1600155
1600219
1600288
1600351
1600415
1600482
1600546
1600619
1600691
1600763
1600829
1600879
1600936
1601006
1601062
1601118
1601196
1601253
1601322
1601390
1601455
1601523
1601586
1601641
1601702
1601768
1601838
1601896
1601949
1602044
1602165
1602220
1602270
1602331
1603167
1603225
1603284
1603337
1603406
1603457
1603514
1603582
1603640
1603703
1603763
1603817
1603874
1603922
1603975
1604028
1604083
1604135
1604190
1604244
1604296
1604371
1604440
1604490
1604541
1604585
1604633
1604684
1604737
1604794
1604844
1604898
1604958
1605010
1605059
1605112
1605166
1605217
1605267
1605321
1605381
1605439
1605508
1605572
1605622
1605809
1605866
1605920
1605973
1606028
1606071
1606136
1606196
1606264
1606333
1606398
1606463
1606520
1606593
1606660
1606726
1606796
1606854
1606905
1606966
1607009
1607055
1607122
1607184
1607248
1607319
1607390
1607453
1607517
1607578
1607637
1607700
1607778
1607840
1607904
1607969
1608033
1608105
1608160
1608210
1608269
1608335
1608404
1608465
1608520
1608584
1608647
1608713
1608791
1608860
1608917
1608975
1609033
1609086
1609130
1609183
1609240
1609290
1609341
1609401
1609454
1609522
1609581
1609645
1609705
1609768
1609823
1609945
1610002
1610066
1610134
1610199
1610265
1610330
1610395
1610468
1610547
1610608
1610673
1610749
1610814
1610876
1610937
1610992
1611049
1611101
1611157
1611227
1611293
1611349
1611402
1611461
1611781
1611824
1611869
1611921
1611997
1612058
1612114
1612179
1612251
1612310
1612378
1612444
1612495
1612552
1612606
1612664
1612728
1612787
1612862
1612937
1613008
1613077
1613131
1613188
1613256
1613312
1613379
1613435
1613498
1613557
1613621
1613677
1613749
1613821
1613889
1613965
1614022
1614080
1614136
1614191
1614261
1614329
1614398
1614462
1614517
1614579
1614650
1614705
1614771
1614821
1614880
1614946
1615013
1615060
1615109
1615160
1615226
1615296
1615345
1615397
1615449
1615500
1615546
1615602
1615656
1615733
1615811
1615898
1615970
1616054
1616118
1616184
1616241
1616308
1616375
1616443
1616507
1616574
1616635
1616701
1616768
1616832
1616993
1617058
1617112
1617159
1617220
1617288
1617349
1617399
1617574
1617628
1617687
1617749
1617809
1617855
1617910
1617960
1618013
1618071
1618120
1618172
1618236
1618299
1618384
1618458
1618520
1618645
1618708
1618769
1618825
1618932
1619003
1619061
1619116
1619168
1619222
1619314
1619371
1619426
1619480
1619545
1619600
1619658
1619714
1619967
1620018
1620076
1620137
1620205
1620264
1620324
1620381
1620439
1620496
1620545
1620637
1620690
1620733
1620774
1621222
1621277
1621337
1621395
1621450
1621516
1621579
1621649
1621705
1621765
1621816
1621871
1621934
1621991
1622043
1622413
1622529
1622599
1622658
1622718
1622764
1622872
1622938
1622996
1623062
1623121
1623184
1623244
1623305
1623483
1623535
1623601
1623667
1623727
1623783
1623835
1623896
1623951
1624013
1624075
1624129
1624190
1624259
1624312
1624358
1624428
1624491
1624564
1624624
1624687
1624740
1624805
1624878
1624946
1625003
1625064
1625136
1625192
1625270
1625339
1625426
1625506
1625576
1625637
1625703
1625767
1625830
1625891
1625959
1626017
1626079
1626140
1626201
1626256
1626316
1626383
1626453
1626521
1626582
1626647
1626715
1626760
1626809
1626858
1626910
1626983
1627043
1627109
1627169
1627230
1627290
1627357
1627404
1627456
1627515
1627570
1627632
1627691
1627750
1627797
1627863
1627926
1627990
1628054
1628129
1628205
1628264
1628320
1628387
1628445
1628522
1628572
1628623
1628668
1628720
1628771
1628847
1628908
1628965
1629026
1629154
1629226
1629289
1629350
1629421
1629475
1629536
1629596
1629663
1629722
1629779
1629843
1629901
1629960
1630017
1630072
1630134
1630212
1630269
1630325
1630388
1630445
1630523
1630587
1630652
1630706
1630767
1630811
1630859
1630913
1630966
1631016
1631147
1631217
1631271
1631330
1631389
1631443
1631507
1631562
1631628
1631693
1631751
1631822
1631965
1632024
1632078
1632138
1632199
1632275
1632346
1632409
1632484
1632547
1632611
1632665
1632724
1632779
1632841
1632898
1632951
1633004
1633060
1633109
1633165
1633228
1633294
1633350
1633921
1633966
1634035
1634091
1634153
1634216
1634278
1634339
1634399
1634473
1634552
1634618
1634684
1634752
1634812
1634876
1634936
1634995
1635058
1635723
1635781
1635873
1635933
1635994
1636056
1636116
1636178
1636229
1636286
1636508
1636561
1636620
1636693
1636753
1636827
1636904
1636969
1637037
1637105
1637167
1637231
1637296
1637369
1637434
1637494
1637568
1637645
1637710
1637778
1637845
1637906
1637974
1638053
1638133
1638194
1638262
1638320
1638399
1638456
1638518
1638579
1638639
1638704
1638766
1638839
1638907
1638972
1639018
1639076
1639129
1639179
1639249
1639310
1639363
1639423
1639488
1639549
1639620
1639671
1639739
1639794
1639848
1639908
1639965
1640029
1640080
1640129
1640188
1640236
1640283
1640333
1640402
1640468
1640534
1640582
1640638
1640696
1640755
1640810
1640872
1640935
1641004
1641067
1641122
1641172
1641224
1641274
1641334
1641387
1641443
1641506
1641571
1641633
1641696
1641758
1641808
1641861
1642006
1642069
1642114
1642163
1642215
1642271
1642340
1642418
1642483
1642584
1642637
1642694
1642757
1642810
1642865
1642920
1642989
1643062
1643120
1643185
1643240
1643294
1643364
1643425
1643480
1643537
1643609
1643673
1643744
1643811
1643872
1643927
1643978
1644030
1644077
1644130
1644180
1644229
1644285
1644344
1644406
1644468
1644530
1644592
1644641
1644698
1644757
1644815
1644871
1644924
1644980
1645029
1645093
1645147
1645204
1645274
1645340
1645384
1645432
1645483
1645538
1645597
1645653
1645704
1645765
1645823
1645877
1645931
1645981
1646027
1646076
1646131
1646185
1646240
1646294
1646534
1646605
1646660
1646719
1646775
1646838
1646894
1646951
1647003
1647064
1647290
1647347
1647412
1647483
1647544
1647612
1647659
1647710
1647770
1647833
1647889
1647947
1648014
1648076
1648135
1648190
1648243
1648301
1648359
1648417
1648474
1648530
1648594
1648665
1648718
1648778
1648843
1648892
1648948
1649009
1649071
1649123
1649184
1649244
1649296
1649349
1649394
1649441
1649504
1649554
1649602
1649658
1649707
1649750
1649849
1649910
1649964
1650022
1650082
1650142
1650188
1650236
1650295
1650347
1650403
1650461
1650519
1650572
1650629
1650686
1650752
1650809
1650880
1650973
1651045
1651110
1651170
1651226
1651276
1651333
1651405
1651557
1651603
1651709
1651762
1651818
1651864
1651917
1651976
1652033
1652086
1652185
1652236
1652293
1652350
1652401
1652459
1652514
1652561
1652651
1652694
1652839
1652890
1652951
1653019
1653079
1653139
1653197
1653258
1653312
1653373
1653438
1653496
1653550
1653611
1653679
1653728
1653791
1653844
1653903
1653955
1654015
1654068
1654122
1654176
1654225
1654286
1654338
1654391
1654548
1654605
1654671
1654741
1654805
1654881
1654964
1655031
1655102
1655166
1655228
1655316
1655395
1655471
1655554
1655630
1655711
1655774
1655837
1655925
1655989
1656069
1656135
1656194
1656262
1656321
1656376
1656440
1656504
1656568
1656621
1656681
1656739
1656800
1656865
1656918
1656982
1657043
1657094
1657247
1657301
1657367
1657417
1657486
1657545
1657602
1657659
1657724
1657775
1657864
1657916
1657969
1658024
1658083
1658147
1658218
1658280
1658340
1658404
1658474
1658527
1658577
1658627
1658680
1658731
1658784
1658838
1658899
1658958
1659010
1659061
1659116
1659175
1659231
1659288
1659344
1659399
1659455
1659524
1659583
1659672
1659730
1659781
1659835
1659915
1659986
1660055
1660117
1660175
1660248
1660303
1660367
1660434
1660492
1660557
1660633
1660709
1660760
1660836
1660900
1660952
1661003
1661058
1661114
1661179
1661232
1661282
1661343
1661403
1661454
1661518
1661583
1661630
1661691
1661747
1661797
1661854
1661942
1661993
1662056
1662121
1662201
1662257
1662318
1662388
1662456
1662521
1662589
1662661
1662740
1662803
1662889
1662954
1663026
1663091
1663160
1663225
1663285
1663349
1663421
1663477
1663539
1663622
1663683
1663745
1663805
1663869
1663931
1663993
1664051
1664109
1664171
1664236
1664297
1664352
1664430
1664507
1664567
1664619
1664677
1664737
1664813
1664885
1664946
1664998
1665058
1665107
1665163
1665224
1665281
1665333
1665440
1665497
1665566
1665642
1665718
1665784
1665841
1665905
1665966
1666024
1666078
1666136
1666206
1666263
1666322
1666380
1666445
1666510
1666565
1666622
1666681
1666747
1666820
1667730
1667799
1667865
1667925
1667989
1668050
1668115
1668176
1668238
1668300
1668366
1668447
1668523
1668582
1668639
1668693
1668748
1668796
1668851
1668909
1668966
1669011
1669068
1669128
1669191
1669246
1669305
1669359
1669426
1669481
1669547
1669605
1669661
1669723
1669786
1669851
1669914
1669987
1670053
1670117
1670176
1670236
1670292
1670354
1670418
1670472
1670523
1670578
1670645
1670697
1670749
1670801
1670852
1670913
1670963
1671020
1671088
1671145
1671212
1671286
1671351
1671406
1671465
1671523
1671580
1671647
1671706
1671762
1671825
1671950
1672008
1672073
1672130
1672188
1672251
1672321
1672381
1672437
1672492
1672550
1672613
1672683
1672743
1672788
1672841
1672890
1672950
1673009
1673071
1673132
1673188
1673249
1673308
1673370
1673428
1673492
1673548
1673615
1673675
1673742
1673801
1673861
1673924
1673981
1674034
1674092
1674143
1674197
1674262
1674334
1674398
1674463
1674516
1674573
1674627
1674678
1674733
1674790
1674850
1674905
1674972
1675031
1675091
1675147
1675205
1675266
1675319
1675373
1675429
1675525
1675572
1675621
1675669
1675718
1675766
1675815
1675863
1675912
1717948
1717991
1718061
1718135
1720950
1721247
1722233
1723955
1724943
1725001
1725103
1725218
1725330
1725443
1725557
1725676
1725786
1725916
1726026
1726134
1726246
1726636
1726684
1726729
1726780
1727145
1727211
1727256
1727302
1727354
1727400
1727447
1727499
1727979
1735686
1735727
1735778
1735872
1735920
1735983
1736038
1736099
1736536
1736580
1737885
1737936
1738006
1738062
1738115
1738168
1738207
1738293
1738350
1738436
1738484
1738525
1738571
1738637
1738683
1738730
1738780
1738836
1738893
1738943
1738997
1739044
1739098
1739155
1739205
1739205
1739321
1739376
1739433
1739478
1739522
1739576
1739627
1740056
1740161
1740219
1740277
1740334
1740390
1740445
1740559
1740607
1740672
1740723
1740774
1740824
1740872
1740921
1740970
1741160
1741206
1741256
1741309
1741379
1741451
1741689
1741689
1741791
1741840
1741880
1741921
1741975
1742067
1742110
1742161
1742208
1742264
1742314
1742362
1742418
1742586
1742668
1742717
1742763
1742814
1742859
1742902
1742945
1742998
1743058
1743118
1743178
1743241
1780652
1780697
1780754
1780802
1781466
1781572
1781621
1781727
1781814
1781868
1781925
1781982
1782039
1782096
1782153
1782210
1782267
1782324
1782381
1794694
1794811
1794865
1794927
1794992
1795057
1795122
1795187
1795240
1795296
1795352
1795408
1795464
1795517
1795567
1795744
1795935
1796607
1796653
1799418
1799478
1799527
1799584
1799701
1799744
1799798
1799856
1799911
1799962
1800015
1800061
1800107
1800153
1800199
1800245
1800291
1800337
1800391
1800442
1800493
1800544
1800599
1800652
1800702
1800749
1800804
1800857
1800911
1800962
1801014
1801068
1801117
1801174
1801222
1801276
1801335
1801391
1801446
1801492
1801543
1801587
1801698
1801812
1801928
1802040
1802149
1802262
1802383
1802489
1802600
1802701
1802852
1802933
1840492
1840581
1840627
1840677
1840741
1840794
1840844
1840891
1840938
1840988
1841048
1841105
1841159
1841213
1841255
1841318
1841367
1847999
1851385
1851433
1851487
1851544
1851601
1851658
1851715
1851772
1851817
1851865
1851913
1851961
1852009
1852057
1852105
1852153
1852201
1852252
1852294
1852341
1852391
1852441
1852491
1852541
1852591
1852641
1852691
1852741
1852791
1852841
1852891
1852941
1852991
1853041
1853091
1853146
1853204
1853262
1853310
1853360
1853407
1859199
1859249
1859301
1859405
1859460
1859508
1859561
1859611
1859662
1859714
1859766
1859818
1859870
1859925
1859969
1860016
1860980
1861063
1861112
1861343
1861447
1861492
1861555
1861623
1861687
1861745
1861846
1861915
1861980
1862039
1862098
1862142
1862190
1862236
1862285
1862380
1862431
1862479
1862537
1862589
1862634
1862685
1862741
1862788
1862887
1862947
1863001
1863363
1863417
1863510
1863557
1863627
1863687
1864318
1864408
1864666
1864722
1864791
1864852
1864911
1864973
1865035
1865097
1865159
1865221
1865283
1865345
1865394
1865450
1865501
1865551
1865611
1865657
1865760
1865807
1865867
1865974
1866087
1866238
1866287
1866449
1866497
1866545
1866593
1866641
1866689
1866737
1866791
1866848
1866905
1866981
1867032
1867094
1867153
1867206
1867315
1867425
1867539
1867645
1867771
1867877
1868346
1868405
1868467
1868518
1868588
1868649
1868705
1868759
1868818
1868872
1868927
1868983
1869037
1869091
1869150
1869214
1869269
1869313
1869373
1869423
1869482
1869528
1869620
1869721
1869830
1869884
1869943
1869986
1870041
1870216
1870272
1870317
1870372
1870427
1870483
1870532
1870586
1870633
1870735
1870880
1870927
1871025
1871078
1871132
1871206
1871258
1871311
1871408
1871461
1871517
1871573
1871620
1871925
1871988
1872034
1872092
1872134
1872187
1872258
1872311
1872370
1872435
1911785
1911840
1911888
1911937
1912011
1912159
1912221
1912321
1912365
1912406
1912454
1912511
1912566
1912621
1913496
1913549
1916221
1916258
1916300
1916355
1916406
1920120
1923113
1926525
1926580
1926626
1927204
1927249
1927508
1927664
1927716
1927769
1927821
1927871
1928018
1928099
1928144
1928191
1928243
1928300
1928353
1928406
1928464
1928522
1928580
1928729
1928789
1928830
1928871
1928921
1928974
1929024
1929074
1929124
1929174
1929227
1929280
1929330
1929383
1929433
1929486
1929539
1929587
1929633
1929677
1929721
1929832
1929881
1929927
1930045
1934977
1935025
1935084
1935261
1935307
1935374
1935416
1935468
1935519
1935574
1935627
1936041
1936099
1936138
1936181
1936247
1936292
1936332
1936375
1936422
1936470
1936564
1936615
1936657
1936702
1936750
1936852
1936906
1936955
1937014
1937063
1937111
1937167
1937254
1937305
1937357
1937403
1937459
1937512
1937565
1937621
1937677
1937733
1937783
1937839
1937889
1937942
1937995
1938048
1938100
1938154
1938207
1938257
1938309
1938368
1938424
1938476
1938531
1938586
1938641
1938696
1938741
1938794
1938865
1938926
1939034
1939097
1939151
1973345
1980630
1984128
1984193
1984243
1984294
1990761
1990810
1991060
1991107
1991157
1991207
1991262
1991320
1991378
1991436
1991494
1991552
1991598
1991647
1991697
1991754
1991811
1991861
1991914
1991967
1992020
1992074
1992130
1992189
1992248
1992300
1992347
1992397
1992447
1992497
1992547
1992597
1992647
1992697
1992747
1992796
1992843
1992890
1992937
1992984
1993031
1993077
1993134
1993182
1993225
1993272
1993320
1993370
1993426
1993476
1993527
1993581
1993632
1993686
1993742
1993800
1993864
1993922
1993981
1994043
1994102
1994164
1994231
1994277
1994370
1994430
1994487
1994589
1994642
1994697
1994744
1994802
1994893
1994940
1994991
1995039
1995090
1995137
1995339
1995414
1995554
1995660
1995707
1995751
1995808
1995847
1995924
1996033
1996076
1996125
1996234
1996277
1996364
1996419
1996484
1996533
1996596
1996692
1996741
1996788
1996830
1997070
1997112
2034986
2035043
2035085
2035143
2035313
2050854
2051421
2051476
2051531
2051995
2055436
2055523
2055580
2055643
2055693
2055738
2055803
2055861
2055919
2055968
2056027
2056079
2056144
2056200
2056251
2056294
2056338
2056383
2056428
2056471
2056518
2056562
2056607
2056652
2056714
2056756
2056799
2057199
2057272
2057344
2057392
2057431
2057479
2057527
2057750
2057840
2057949
2058003
2058060
2058122
2058268
2058329
2058375
2058415
2058473
2058525
2058570
2058628
2058680
2058732
2058784
2058835
2058897
2058954
2059005
2059057
2059109
2059161
2059606
2059852
2059930
2060000
2060070
2060133
2060193
2061648
2061709
2061772
2061830
2061953
2062116
2062171
2062492
2062552
2062699
2063088
2065618
2065675
2066012
2066450
2066583
2066654
2066836
2067025
2067357
2067685
2067736
2067781
2067830
2067884
2067925
2067971
2068019
2068065
2068132
2068185
2068240
2068296
2068344
2068396
2068450
2068562
2068608
2068648
2068704
2068758
2068811
2068851
2068893
2068942
2069001
2069057
2069110
2069253
2069308
2069361
2069462
2069516
2069573
2069635
2069699
2069753
2069803
2069857
2069905
2069959
2070006
2070056
2070111
2070166
2070226
2070289
2070354
2070409
2070458
2070511
2070562
2070607
2070720
2070771
2070817
2070861
2070908
2070956
2071001
2071040
2071086
2071137
2071188
2071249
2071298
2071355
2073301
2073641
2073690
2073745
2073800
2073895
2073929
2073967
2074121
2074179
2074468
2074507
2074609
2074653
2074693
2074737
2074781
2074825
2074873
2074921
2074974
2075016
2075062
2075110
2075148
2075190
2075230
2075274
2075317
2075360
2075404
2075443
2075499
2075543
2075587
2075637
2075679
2075725
2075766
2075811
2075861
2075907
2075959
2076006
2076048
2076090
2076136
2076179
2076293
2076660
2076850
2076903
2076955
2076998
2077664
2077705
2077775
2078179
2078226
2078270
2078323
2078437
2078492
2078777
2078827
2078874
2078924
2078974
2079024
2079082
2079135
2079183
2079235
2079288
2079341
2079447
2079801
2079873
2079929
2079979
2080032
2080085
2080286
2080334
2080417
2080459
2080504
2081141
2081209
2081571
2081626
2081669
2081712
2081771
2081828
2081892
2081940
2081979
2082022
2082076
2082123
2082174
2082227
2082289
2082350
2083469
2083513
2083560
2083607
2083666
2084285
2084344
2084425
2084489
2084730
2085020
2085133
2085185
2085227
2085284
2085327
2085371
2085415
2085473
2085531
2085589
2085654
2085719
2085784
2086415
2086481
2086543
2086605
2086671
2086731
2086784
2086835
2086885
2086930
2086972
2087028
2087079
2087128
2087180
2087247
2087310
2087372
2087442
2087512
2087559
2087607
2087664
2087713
2087766
2087812
2087873
2087926
2087980
2088047
2088106
2088167
2088248
2088305
2088358
2088420
2088729
2088794
2088849
2088899
2088957
2089010
2089062
2089114
2089158
2089209
2089254
2089298
2089342
2089385
2089440
2089492
2089547
2089602
2089657
2089712
2089767
2089822
2089877
2089932
2089982
2090035
2090088
2090141
2090203
2090246
2090292
2090338
2090384
2090430
2090472
2090515
2090561
2090607
2090653
2090699
2090747
2090788
2090834
2090880
2090939
2091014
2091062
2091112
2091162
2091212
2091262
2091312
2091362
2091412
2091462
2091512
2091562
2091612
2091662
2091712
2091762
2091812
2091862
2091912
2091962
2092012
2092062
2092112
2092162
2092212
2092262
2092312
2092362
2092412
2092462
2092512
2092562
2092612
2092662
2092712
2092762
2092812
2092862
2092912
2092962
2093012
2093062
2093112
2093162
2093212
2093262
2093312
2093362
2093412
2093462
2093512
2093562
2093612
2093662
2093712
2093762
2093812
2093862
2093912
2093962
2094012
2094062
2094112
2094162
2094212
2094262
2094312
2094362
2094412
2094462
2094512
2094562
2094612
2094662
2094712
2094762
2094812
2094862
2094912
2094962
2095012
2095062
2095112
2095162
2095212
2095262
2095312
2095362
2095412
2095462
2095512
2095562
2095612
2095662
2095712
2095762
2095812
2095862
2095912
2095962
2096012
2096062
2096112
2096162
2096212
2096262
2096312
2096362
2096412
2096462
2096512
2096562
2096612
2096662
2096712
2096762
2096812
2096862
2096912
2096962
2097012
2097062
2097112
2097162
2097212
2097262
2097312
2097362
2097412
2097462
2097521
2097580
2097638
2097696
2097752
2097808
2097868
2098026
2098083
2098138
2098197
2098244
2098292
2098340
2098405
2098469
2098528
2098586
2098634
2098681
2098733
2098793
2098854
2098917
2098969
2099026
2099077
2099133
2099182
2099226
2099368
2099411
2099452
2099500
2099545
2099595
2099648
2099701
2099754
2099807
2099860
2099913
2099957
2100007
2100060
2100113
2100166
2100219
2100272
2100325
2100378
2100431
2100484
2100523
2100565
2100629
2100680
2100737
2100787
2100840
2100888
2100945
2100991
2101041
2101088
2101136
2101184
2101257
2101312
2101365
2101421
2101477
2101533
2101589
2101635
2101684
2101733
2101782
2101831
2101880
2101929
2101978
2102027
2102076
2102125
2102174
2102223
2102274
2102328
2102382
2102436
2102490
2102544
2102598
2102652
2102706
2102760
2102814
2102868
2102922
2102971
2103019
2103070
2103121
2103172
2103223
2103274
2103325
2103376
2103427
2103478
2103529
2103580
2103631
2103682
2103731
2103783
2103835
2103887
2103931
2103978
2104025
2104072
2104119
2104166
2104213
2104260
2104307
2104357
2104410
2104463
2104516
2104569
2104622
2104675
2104728
2104781
2104834
2104881
2104931
2104981
2105031
2105081
2105131
2105181
2105231
2105281
2105332
2105386
2105440
2105494
2105548
2105594
2105643
2105692
2105741
2105784
2105841
2105894
2105946
2105991
2106036
2106081
2106131
2106203
2106247
2106288
2106344
2106390
2106433
2106479
2106525
2106571
2106617
2106663
2106709
2106755
2106801
2106855
2106913
2106955
2107025
2107067
2107109
2107152
2107195
2107265
2107302
2107343
2107399
2107446
2107492
2107540
2107594
2107642
2107691
2107744
2107797
2107840
2107890
2107928
2107967
2108054
2108135
2108314
2108367
2108451
2108498
2108543
2108591
2108633
2108693
2108743
2108835
2108879
2108933
2109017
2109228
2109384
2109446
2110162
2110219
2110267
2110321
2110362
2110405
2110469
2110517
2110572
2110704
2110746
2110792
2110835
2110879
2110920
2110988
2111047
2111095
2111183
2111231
2111272
2111320
2111392
2111446
2111500
2111553
2111607
2112864
2112917
2112958
2113001
2113047
2113122
2113189
2113240
2113342
2113392
2113437
2113492
2113889
2113939
2113981
2114021
2114064
2114105
2114166
2114214
2114339
2114446
2114560
2114609
2114669
2114864
2114911
2114959
2115084
2115190
2115249
2115310
2115371
2115441
2115511
2115555
2115605
2115660
2115769
2116127
2116275
2116569
2116661
2116711
2116754
2116802
2116966
2117011
2117067
2117113
2118156
2118208
2118260
2118323
2118374
2118456
2118514
2118552
2118641
2118731
2119045
2119096
2119158
2119266
2119313
2119363
2119413
2119468
2119573
2119636
2119700
2119763
2119809
2119872
2119936
2119980
2120031
2120085
2120138
2121012
2121094
2121158
2121211
2121267
2121325
2121384
2121433
2121488
2121532
2121597
2121651
2121696
2121753
2121970
2122039
2122103
2122166
2122230
2122295
2122360
2122423
2122479
2122543
2122605
2122668
2122731
2122793
2122860
2122941
2123004
2123069
2123133
2123207
2123441
2123483
2123525
2123567
2123668
2123716
2123760
2123816
2123867
2123917
2123970
2124024
2124069
2124121
2124166
2124220
2124264
2124308
2124365
2124419
2124525
2124622
2124682
2124737
2124788
2124841
2124899
2125009
2125058
2125107
2125156
2125205
2125254
2125303
2125352
2125401
2125538
2125587
2125640
2125693
2126668
2126720
2127697
2128669
2129678
2129741
2129848
2129966
2130016
2130066
2130116
2130166
2130253
2130308
2130351
2130399
2130444
2130492
2130548
2130601
2130646
2130746
2130793
2130856
2130907
2130956
2131006
2131056
2131110
2131159
2131246
2131292
2131341
2131391
2131444
2131489
2131537
2131608
2131671
2131737
2131803
2131869
2131924
2131982
2132040
2132093
2132161
2132234
2132292
2132353
2132414
2132475
2132537
2132602
2132667
2132732
2132787
2132845
2132903
2132961
2133019
2133077
2133135
2133192
2133252
2133312
2133375
2133441
2133507
2133573
2133639
2133705
2133769
2133836
2133903
2133970
2134139
2134189
2134239
2134289
2134336
2134379
2134430
2134475
2134522
2134570
2134612
2134656
2134714
2134764
2135036
2135085
2135133
2135180
2135448
2135663
2135748
2135794
2135840
2137505
2137548
2137611
2137657
2137707
2137764
2137821
2137878
2137935
2137992
2138049
2138106
2138163
2138254
2138360
2138419
2138487
2138532
2138586
2138641
2138695
2138755
2138816
2138956
2139094
2139185
2139280
2139387
2139448
2139490
2139541
2139794
2139836
2139900
2139961
2140016
2140071
2140126
2140186
2140369
2140417
2140462
2140811
2140868
2141128
2141176
2141308
2141398
2141486
2141537
2141588
2142319
2142363
2142411
2142460
2142513
2142568
2142627
2142680
2142727
2142772
2142820
2142862
2142986
2143041
2143099
2143157
2143215
2144287
2144342
2144443
2144490
2144540
2144590
2144640
2144690
2144740
2144847
2144913
2144959
2145005
2145060
2145114
2145205
2145260
2145309
2145375
2145430
2145482
2145531
2145580
2145622
2145663
2145705
2145756
2145802
2145883
2146289
2146332
2146377
2146417
2146473
2146609
2146650
2146784
2146841
2146893
2146952
2146993
2147038
2147088
2147132
2147190
2147319
2147473
2147596
2147651
2147709
2147767
2147825
2147883
2147941
2147999
2148057
2148115
2148162
2148214
2148269
2148324
2148379
2148434
2148489
2148544
2148599
2148652
2148708
2148764
2148820
2148873
2148927
2148984
2149041
2149098
2149155
2149199
2149363
2149407
2149492
2149538
2149583
2149635
2149790
2150245
2150289
2150437
2150547
2150776
2150822
2150997
2151065
2151137
2151209
2151326
2151372
2151421
2151470
2151519
2151568
2151617
2151666
2151715
2151764
2151813
2151862
2151911
2151960
2152009
2152058
2152107
2152156
2152205
2152254
2152346
2152410
2152474
2152519
2152568
2152618
2152672
2152722
2152776
2152841
2152883
2152938
2152998
2153065
2153115
2153253
2153300
2153356
2153502
2153593
2153672
2153724
2153773
2153868
2153923
2153976
2154032
2154089
2154139
2154195
2154255
2154321
2154383
2154439
2154642
2154722
2154765
2154974
2155052
2155430
2155485
2155592
2155641
2155689
2155739
2155784
2155826
2155885
2157141
2157182
2157224
2157309
2157497
2157547
2157601
2157643
2157996
2158080
2158128
2158177
2158220
2158265
2158317
2158415
2158459
2158503
2158571
2158622
2158666
2158719
2158770
2158817
2158866
2158915
2158968
2159009
2159054
2159105
2159149
2159249
2159294
2159368
2159422
2159474
2159579
2159629
2159676
2159928
2159968
2160040
2160112
2160184
2160248
2160312
2160376
2160440
2160504
2160561
2160618
2160675
2160732
2160783
2160838
2160893
2160948
2161002
2161056
2161103
2161156
2161209
2161262
2161315
2161368
2161421
2161477
2161533
2161585
2161637
2161689
2161741
2161793
2161843
2161896
2161949
2162002
2162055
2162108
2162161
2162254
2162917
2162973
2163031
2163090
2163149
2163188
2163354
2163404
2163449
2163494
2163549
2163592
2163653
2163696
2163751
2164039
2164084
2164254
2164321
2164421
2164468
2165305
2165356
2165758
2165810
2165855
2165913
2165965
2166015
2166060
2166116
2166172
2166227
2166286
2166495
2166545
2166595
2166643
2166694
2166746
2166796
2166849
2166902
2166947
2167014
2167064
2167114
2167164
2167214
2167281
2167331
2167381
2167431
2167481
2167531
2167629
2167685
2167772
2167832
2167889
2168117
2168167
2168220
2168273
2168326
2168379
2168432
2168485
2168538
2168591
2168647
2168825
2168873
2168938
2169003
2169069
2169128
2169174
2169222
2169267
2169326
2169379
2169437
2169478
2169571
2169627
2169682
2169777
2169844
2169945
2170025
2170076
2170130
2170184
2170238
2170292
2170346
2170400
2170454
2170508
2170562
2170696
2170783
2170840
2170903
2170951
2170998
2171091
2171186
2171228
2171273
2171325
2171368
2171434
2171478
2171529
2172097
2172144
2172191
2172237
2172283
2172330
2172377
2172429
2172484
2172539
2172594
2172649
2172704
2172747
2172796
2172845
2172889
2172938
2172999
2173059
2173113
2173168
2173223
2173277
2173334
2173385
2173436
2173480
2173537
2173579
2173636
2173693
2173750
2173806
2173852
2173910
2173953
2174511
2175279
2175323
2175370
2175417
2175464
2175511
2175558
2175605
2175653
2175698
2175749
2175800
2175851
2175896
2175944
2175992
2176040
2176088
2176133
2176200
2176272
2176335
2176405
2176492
2176608
2176668
2176729
2176801
2176873
2176936
2176999
2177061
2177123
2177182
2177282
2177337
2177409
2177473
2177554
2177615
2177673
2177766
2177827
2177882
2177948
2178010
2178062
2178115
2178167
2178225
2178282
2178345
2178404
2178465
2178537
2178613
2178689
2178738
2178795
2178851
2178899
2178975
2179034
2179134
2179194
2179257
2179325
2179391
2179466
2179558
2179620
2179693
2179766
2179838
2179899
2179946
2180004
2180054
2180118
2180187
2180243
2180300
2180366
2180421
2180479
2180537
2180595
2180647
2180703
2180765
2180847
2180894
2180940
2180990
2181040
2181090
2181140
2181190
2181240
2181290
2181340
2181390
2181440
2181490
2181540
2181590
2181646
2181700
2181763
2181823
2181874
2181925
2182623
2182663
2182708
2182751
2182804
2182847
2182975
2183030
2183081
2183122
2183167
2183207
2183251
2183288
2183329
2183369
2183413
2183471
2183529
2183578
2183619
2183661
2183708
2183755
2183790
2183829
2183877
2183915
2184058
2184098
2184140
