2051898
2052035
2059663
2059780
2060253
2060373
2060443
2060556
2060623
2060826
2060947
2061110
2061179
2061240
2061315
2061433
2061574
2061884
2062004
2062230
2062354
2062426
2062960
2063151
2063275
2063352
2063424
2063531
2063598
2063703
2063769
2063882
2063949
2064061
2064128
2064235
2064303
2064412
2064480
2064586
2064697
2064810
2064877
2064991
2065058
2065176
2065242
2065349
2065416
2065544
2065726
2065941
2066130
2066247
2066319
2066507
2066712
2066771
2066897
2067618
2083722
2083829
2083887
2084007
2084128
2084230
2097928
2099318
2114959
2115130
2117189
2117288
2117345
2117450
2117529
2117632
2117841
2117916
2117973
2118077
2135233
2135329
2153162
2153405
