1493
1527
1578
1615
1656
1703
1740
1795
1852
1906
1960
2008
2068
2115
2162
2206
2250
2305
2372
2441
2512
2580
2646
2731
2797
2864
2931
3008
3087
3168
3246
3322
3417
3493
3570
3641
3714
3784
3853
3919
3998
4072
4148
4227
4299
4375
4464
4548
4634
4723
4805
4885
4967
5046
5124
5185
5267
5350
5421
5513
5606
5681
5758
5832
5905
5955
6011
6084
6154
6219
6283
6345
6435
6516
6597
6679
6755
6828
6901
6973
7073
7164
7255
7347
7433
7516
7599
7670
7763
7862
7958
8055
8140
8231
8319
8408
8500
8589
8679
8770
8858
8947
9028
9131
9240
9346
9453
9548
9649
9747
9846
9948
10047
10147
10248
10346
10445
10530
10617
10701
10784
10860
10938
11013
11087
11153
11236
11316
11391
11465
11530
11615
11701
11778
11856
11931
12026
12122
12209
12297
12376
12457
12535
12612
12682
12754
12823
12891
12957
13049
13140
13224
13309
13391
13471
13555
13654
13737
13813
13915
14016
14110
14205
14297
14387
14481
14590
14683
14763
14845
14924
15002
15065
15150
15250
15344
15442
15537
15612
15695
15779
15860
15942
16033
16123
16196
16291
16401
16505
16613
16718
16803
16896
16990
17081
17173
17274
17374
17451
17530
17606
17681
17741
17814
17886
17959
18031
18109
18176
18250
18320
18403
18485
18568
18650
18738
18815
18899
18967
19046
19126
19204
19293
19383
19465
19549
19630
19710
19784
19860
19933
20005
20059
20125
20191
20258
20335
20411
20482
20555
20624
20692
20740
20811
20875
20950
21011
21077
21148
21210
21273
21340
21412
21488
21564
21647
21713
21773
21845
21899
21968
22029
22092
22150
22213
22278
22340
22400
22482
22566
22621
22686
22747
22811
22877
22934
22995
23070
23125
23181
23241
23301
23356
23415
23479
23547
23618
23692
23761
23833
23910
23984
24047
24110
24167
24228
24285
24351
24410
24479
24539
24601
24666
24739
24799
24857
24916
24982
25042
25104
25162
25218
25280
25342
25405
25476
25551
25623
25699
25783
25869
25929
26010
26084
26169
26240
26316
26397
26469
26542
26619
26701
26787
26873
26966
27042
27112
27194
27258
27337
27408
27481
27549
27622
27697
27769
27839
27931
28025
28090
28165
28236
28310
28386
28453
28524
28609
28674
28740
28810
28880
28945
29014
29088
29166
29247
29331
29410
29492
29579
29663
29736
29809
29876
29947
30014
30090
30159
30238
30308
30380
30455
30538
30608
30676
30745
30821
30891
30963
31031
31097
31169
31241
31314
31395
31480
31562
31648
31742
31838
31899
31973
32044
32128
32203
32280
32354
32427
32491
32557
32620
32682
32736
32811
32880
32944
33029
33108
33176
33246
33313
33379
33426
33491
33555
33623
33689
33758
33815
33874
33938
34005
34066
34125
34186
34246
34314
34374
34441
34505
34568
34634
34698
34761
34827
34887
34960
35035
35113
35187
35254
35325
35388
35453
35517
35581
35640
35715
35789
35867
35943
36022
36089
36158
36232
36309
36380
36449
36520
36590
36668
36738
36815
36889
36962
37038
37112
37185
37261
37331
37414
37499
37587
37671
37748
37829
37902
37977
38051
38125
38188
38253
38315
38376
38431
38499
38584
38667
38749
38834
38925
39010
39110
39190
39278
39367
39452
39528
39606
39701
39794
39886
39981
40082
40177
40287
40377
40475
40574
40669
40755
40833
40936
41018
41102
41183
41263
41328
41411
41502
41584
41675
41753
41837
41912
41987
42064
42162
42239
42318
42397
42472
42565
42666
42758
42859
42947
43041
43126
43211
43298
43406
43493
43582
43671
43750
43831
43909
43986
44055
44141
44218
44298
44385
44464
44560
44647
44737
44834
44917
45002
45084
45165
45229
45299
45376
45457
45544
45636
45717
45801
45881
45968
46059
46156
46258
46349
46443
46524
46627
46718
46831
46926
47023
47117
47210
47294
47380
47463
47545
47616
47698
47781
47875
47957
48038
48119
48211
48304
48408
48500
48591
48672
48778
48869
48985
49080
49177
49271
49364
49449
49536
49620
49703
49771
49851
49935
50027
50113
50188
50271
50349
50439
50533
50635
50731
50816
50909
50988
51089
51191
51293
51411
51525
51627
51736
51831
51920
52031
52143
52255
52383
52507
52619
52738
52843
52936
53031
53123
53214
53292
53388
53476
53582
53674
53768
53859
53949
54031
54115
54196
54276
54351
54446
54538
54627
54719
54809
54894
54999
55101
55200
55302
55402
55491
55582
55670
55757
55820
55889
55970
56042
56115
56195
56268
56347
56438
56520
56603
56693
56770
56849
56925
57000
57064
57140
57233
57301
57383
57457
57529
57602
57690
57773
57846
57922
57992
58060
58133
58217
58293
58368
58451
58521
58616
58711
58782
58856
58942
59045
59123
59215
59299
59381
59464
59562
59655
59738
59824
59904
59982
60065
60159
60245
60330
60423
60503
60608
60713
60794
60872
60952
61029
61105
61173
61260
61354
61441
61519
61605
61694
61777
61861
61945
62032
62114
62187
62270
62350
62438
62521
62593
62673
62751
62839
62927
63009
63087
63170
63254
63345
63430
63510
63593
63680
63769
63849
63939
64029
64120
64207
64297
64381
64470
64560
64647
64745
64822
64906
64990
65086
65164
65248
65326
65423
65527
65624
65712
65808
65907
66000
66094
66188
66285
66377
66460
66553
66643
66741
66834
66916
67006
67094
67192
67290
67382
67470
67563
67657
67758
67853
67943
68036
68133
68232
68322
68422
68522
68623
68720
68820
68914
69013
69113
69210
69318
69405
69499
69593
69699
69787
69881
69963
70047
70128
70208
70270
70350
70423
70497
70569
70659
70742
70826
70902
70980
71055
71129
71179
71245
71309
71374
71437
71513
71611
71694
71777
71871
71972
72058
72135
72214
72300
72382
72471
72548
72635
72708
72793
72876
72956
73043
73123
73215
73292
73376
73461
73537
73620
73697
73771
73857
73965
74058
74151
74255
74366
74462
74549
74638
74734
74826
74925
75012
75109
75192
75287
75380
75470
75567
75657
75759
75846
75940
76035
76121
76214
76301
76379
76459
76536
76612
76668
76743
76813
76882
76955
77023
77095
77166
77237
77305
77372
77457
77537
77616
77699
77777
77859
77940
78021
78099
78170
78243
78313
78382
78443
78520
78595
78671
78732
78806
78881
78958
79039
79115
79192
79272
79345
79418
79500
79582
79652
79723
79796
79873
79941
80009
80080
80149
80220
80292
80371
80448
80518
80587
80660
80737
80811
80886
80960
81033
81107
81194
81271
81343
81419
81501
81574
81644
81727
81806
81889
81974
82063
82165
82257
82346
82437
82521
82601
82694
82783
82876
82971
83070
83182
83284
83383
83484
83578
83662
83748
83831
83913
83984
84068
84153
84240
84331
84417
84504
84594
84677
84760
84852
84944
85024
85105
85188
85275
85353
85431
85512
85591
85672
85754
85843
85930
86010
86089
86172
86259
86343
86428
86512
86595
86679
86776
86863
86945
87031
87123
87206
87272
87360
87435
87525
87602
87699
87783
87878
87960
88053
88133
88224
88302
88390
88466
88562
88645
88733
88808
88901
88981
89076
89158
89253
89335
89428
89508
89605
89689
89780
89858
89950
90029
90132
90222
90323
90411
90507
90590
90685
90767
90861
90942
91036
91117
91210
91290
91384
91465
91570
91662
91764
91853
91954
92042
92140
92225
92325
92412
92509
92593
92691
92776
92853
92952
93038
93139
93227
93335
93430
93536
93629
93733
93824
93926
94015
94114
94200
94307
94401
94500
94586
94690
94781
94887
94980
95086
95179
95283
95374
95482
95577
95679
95768
95871
95961
96075
96176
96288
96387
96494
96588
96694
96787
96892
96984
97089
97181
97285
97376
97481
97573
97689
97792
97905
98005
98117
98216
98325
98421
98532
98630
98738
98833
98942
99038
99118
99200
99279
99357
99432
99509
99583
99656
99723
99805
99886
99974
100062
100140
100220
100298
100390
100481
100579
100677
100765
100855
100937
101021
101102
101182
101241
101318
101402
101486
101562
101645
101728
101801
101881
101961
102027
102100
102173
102255
102334
102420
102506
102581
102656
102738
102808
102895
102989
103083
103169
103262
103355
103438
103528
103618
103694
103777
103860
103952
104041
104137
104233
104318
104403
104495
104569
104645
104718
104790
104849
104929
105009
105086
105160
105239
105309
105388
105466
105542
105616
105691
105766
105843
105917
105993
106068
106138
106228
106318
106405
106489
106578
106658
106747
106835
106921
107005
107090
107175
107262
107346
107432
107517
107591
107667
107740
107812
107866
107956
108031
108100
108179
108260
108332
108412
108480
108552
108617
108717
108802
108881
108970
109061
109143
109233
109311
109393
109462
109533
109601
109668
109725
109808
109878
109951
110031
110107
110186
110258
110333
110412
110499
110578
110664
110733
110805
110875
110946
111035
111129
111198
111267
111333
111405
111482
111570
111658
111742
111824
111905
111985
112061
112138
112223
112308
112389
112472
112553
112635
112712
112787
112858
112928
113006
113090
113165
113243
113317
113385
113478
113558
113641
113731
113817
113906
113988
114073
114162
114259
114348
114444
114523
114605
114685
114766
114865
114969
115048
115127
115203
115285
115372
115470
115568
115662
115754
115845
115935
116021
116108
116203
116298
116389
116482
116573
116665
116752
116837
116918
116998
117086
117180
117265
117353
117437
117509
117583
117654
117724
117780
117842
117912
117981
118057
118140
118206
118274
118346
118413
118481
118549
118617
118683
118748
118825
118911
118992
119072
119155
119258
119345
119422
119501
119580
119663
119740
119815
119902
119998
120089
120179
120272
120385
120482
120569
120658
120747
120840
120927
121006
121087
121165
121242
121309
121381
121461
121540
121626
121719
121795
121873
121955
122032
122110
122188
122266
122342
122413
122486
122556
122625
122686
122761
122843
122925
122997
123076
123155
123227
123312
123404
123496
123578
123667
123756
123832
123910
123985
124059
124116
124188
124265
124332
124404
124479
124550
124623
124699
124772
124840
124913
124980
125062
125149
125226
125308
125393
125474
125557
125643
125726
125804
125887
125958
126031
126101
126170
126235
126302
126366
126429
126487
126569
126650
126723
126792
126868
126944
127012
127087
127167
127236
127328
127419
127502
127581
127667
127753
127831
127916
128006
128079
128154
128226
128297
128358
128434
128517
128594
128672
128753
128841
128918
128998
129070
129151
129223
129309
129402
129489
129577
129668
129766
129853
129943
130025
130116
130192
130270
130345
130419
130475
130567
130658
130737
130815
130908
131000
131098
131195
131261
131342
131432
131521
131602
131690
131778
131848
131916
131983
132085
132186
132275
132363
132466
132568
132676
132783
132859
132950
133050
133149
133240
133338
133436
133516
133594
133660
133743
133824
133906
133988
134071
134161
134243
134326
134417
134491
134584
134663
134749
134830
134913
134994
135090
135181
135260
135335
135413
135494
135569
135650
135733
135803
135882
135970
136050
136126
136205
136284
136361
136446
136538
136616
136698
136781
136857
136950
137041
137133
137225
137318
137418
137510
137603
137704
137788
137891
137980
138076
138167
138260
138351
138457
138558
138647
138732
138820
138911
138996
139087
139180
139260
139349
139447
139537
139623
139712
139801
139888
139983
140085
140173
140265
140358
140438
140520
140599
140677
140748
140821
140891
140960
141018
141090
141164
141236
141308
141376
141466
141544
141629
141705
141779
141857
141931
142003
142072
142154
142238
142320
142402
142480
142580
142668
142763
142849
142933
143021
143105
143187
143260
143335
143407
143478
143529
143589
143648
143710
143773
143832
143895
143958
144028
144097
144169
144242
144311
144384
144451
144520
144586
144651
144707
144781
144852
144924
145007
145092
145171
145241
145318
145389
145465
145533
145617
145698
145780
145873
145968
146057
146137
146224
146305
146391
146463
146537
146608
146678
146726
146789
146858
146919
146988
147056
147125
147188
147250
147318
147390
147469
147544
147626
147704
147789
147864
147946
148017
148098
148180
148242
148303
148378
148454
148517
148589
148651
148721
148792
148870
148935
148996
149054
149120
149190
149263
149343
149409
149487
149566
149652
149718
149782
149838
149901
149967
150040
150104
150169
150231
150294
150372
150457
150521
150589
150647
150711
150776
150841
150903
150959
151025
151098
151163
151228
151291
151357
151438
151526
151607
151695
151758
151828
151891
151959
152034
152099
152159
152227
152302
152367
152427
152500
152579
152650
152729
152807
152886
152959
153031
153109
153191
153280
153365
153457
153545
153640
153725
153817
153898
153989
154081
154153
154224
154309
154395
154468
154550
154622
154702
154783
154871
154946
155017
155085
155161
155241
155324
155414
155490
155578
155667
155763
155839
155913
155979
156052
156128
156211
156285
156360
156432
156505
156593
156688
156762
156840
156908
156982
157057
157132
157204
157270
157346
157429
157504
157579
157652
157728
157819
157917
158008
158106
158179
158259
158332
158410
158495
158570
158640
158718
158803
158878
158938
159010
159074
159140
159203
159265
159314
159370
159431
159499
159569
159634
159696
159758
159827
159889
159958
160020
160085
160156
160217
160279
160348
160409
160475
160546
160624
160704
160779
160851
160923
161002
161074
161153
161225
161300
161381
161452
161524
161603
161668
161735
161799
161862
161917
161985
162050
162128
162197
162268
162336
162403
162461
162543
162615
162694
162765
162840
162909
162985
163064
163132
163224
163306
163395
163476
163561
163640
163726
163815
163887
163961
164032
164102
164150
164213
164270
164330
164394
164453
164513
164574
164634
164707
164774
164844
164918
164987
165057
165128
165192
165258
165321
165383
165438
165503
165585
165658
165729
165796
165870
165945
166010
166085
166177
166260
166341
166418
166502
166587
166656
166727
166795
166862
166911
166968
167048
167111
167170
167233
167300
167363
167423
167478
167534
167606
167679
167735
167806
167877
167950
168021
168079
168141
168206
168280
168349
168427
168486
168555
168628
168682
168754
168817
168875
168939
168995
169061
169134
169203
169260
169318
169374
169445
169505
169582
169642
169700
169760
169828
169918
169992
170061
170135
170213
170286
170357
170423
170490
170572
170656
170723
170805
170887
170970
171052
171120
171193
171268
171352
171431
171519
171589
171669
171753
171818
171901
171975
172044
172119
172185
172261
172345
172425
172493
172561
172627
172708
172778
172865
172935
173003
173059
173133
173205
173280
173350
173418
173489
173555
173631
173710
173786
173860
173937
174004
174074
174147
174218
174292
174358
174442
174524
174609
174689
174767
174848
174924
175010
175099
175185
175269
175356
175433
175513
175596
175677
175761
175831
175903
175972
176040
176099
176175
176253
176324
176405
176480
176555
176645
176720
176794
176866
176951
177022
177095
177163
177241
177312
177383
177456
177530
177612
177689
177758
177844
177932
178013
178104
178189
178274
178374
178459
178543
178625
178720
178801
178884
178962
179050
179131
179212
179295
179379
179471
179558
179631
179706
179778
179849
179913
179979
180041
180103
180160
180235
180304
180369
180435
180507
180573
180639
180711
180777
180845
180924
180995
181070
181135
181199
181273
181350
181421
181494
181562
181632
181698
181766
181835
181902
181987
182066
182141
182217
182299
182375
182451
182533
182609
182687
182776
182857
182942
183017
183091
183175
183262
183343
183426
183504
183584
183660
183738
183817
183888
183961
184031
184100
184155
184230
184312
184389
184454
184539
184631
184718
184787
184858
184926
184993
185048
185110
185193
185266
185343
185415
185508
185591
185678
185754
185832
185907
185981
186054
186145
186240
186328
186410
186499
186595
186687
186769
186866
186959
187042
187134
187224
187314
187404
187493
187575
187657
187739
187826
187922
188010
188096
188186
188284
188383
188466
188545
188632
188714
188797
188898
189003
189101
189193
189292
189398
189500
189592
189699
189802
189895
189997
190097
190197
190297
190396
190488
190580
190672
190769
190875
190973
191069
191169
191277
191386
191479
191568
191665
191757
191844
191933
192019
192104
192160
192225
192294
192372
192451
192528
192600
192676
192753
192817
192881
192957
193030
193098
193168
193242
193307
193378
193451
193527
193593
193661
193728
193806
193882
193959
194035
194104
194171
194240
194305
194385
194455
194529
194601
194680
194762
194833
194909
194976
195045
195127
195212
195280
195350
195422
195491
195564
195637
195698
195764
195828
195898
195972
196041
196111
196179
196241
196312
196391
196460
196528
196593
196663
196734
196809
196884
196960
197033
197108
197173
197250
197325
197401
197478
197553
197624
197693
197779
197863
197935
198011
198094
198162
198229
198311
198377
198447
198515
198587
198657
198734
198815
198893
198972
199050
199124
199202
199277
199351
199434
199513
199580
199650
199719
199788
199857
199925
199993
200072
200152
200216
200284
200364
200440
200513
200587
200663
200737
200815
200894
200977
201056
201123
201201
201265
201338
201405
201476
201563
201631
201695
201766
201835
201910
201983
202049
202117
202192
202271
202359
202448
202535
202617
202703
202790
202864
202938
203024
203107
203185
203265
203349
203424
203505
203588
203674
203750
203828
203905
203993
204079
204166
204252
204331
204408
204487
204562
204652
204732
204816
204898
204987
205079
205160
205246
205323
205402
205494
205589
205667
205747
205829
205908
205991
206074
206145
206221
206295
206375
206459
206538
206618
206696
206768
206849
206938
207017
207095
207170
207250
207331
207416
207501
207587
207670
207755
207830
207917
208002
208088
208175
208260
208341
208420
208516
208610
208692
208778
208871
208949
209026
209118
209194
209274
209352
209434
209514
209601
209692
209780
209869
209957
210041
210129
210214
210298
210391
210480
210557
210637
210716
210795
210874
210952
211030
211119
211209
211283
211361
211451
211537
211620
211704
211790
211874
211962
212051
212144
212233
212310
212398
212472
212555
212632
212713
212810
212888
212962
213043
213122
213207
213290
213366
213433
213514
213596
213686
213771
213859
213951
214037
214131
214223
214306
214388
214469
214551
214629
214702
214781
214853
214925
215001
215077
215152
215225
215312
215384
215462
215555
215632
215704
215781
215856
215932
216009
216100
216192
216292
216387
216485
216587
216683
216787
216889
216982
217074
217165
217257
217345
217428
217517
217599
217681
217767
217853
217938
218021
218118
218200
218288
218391
218478
218560
218647
218732
218818
218899
218982
219062
219141
219209
219311
219389
219467
219557
219634
219722
219805
219884
219969
220051
220131
220212
220301
220379
220478
220562
220643
220729
220813
220902
220975
221053
221165
221253
221341
221441
221528
221626
221719
221808
221903
221995
222085
222176
222275
222363
222472
222566
222657
222753
222847
222946
223029
223111
223195
223276
223356
223428
223502
223573
223643
223705
223784
223856
223938
224028
224124
224206
224299
224374
224446
224535
224617
224709
224809
224915
225007
225110
225195
225271
225349
225424
225498
225551
225635
225720
225803
225887
225964
226033
226106
226165
226235
226312
226390
226464
226537
226608
226683
226759
226831
226906
226972
227045
227128
227203
227272
227345
227415
227484
227564
227651
227739
227823
227906
227987
228072
228158
228240
228325
228401
228484
228577
228662
228741
228824
228904
228977
229052
229124
229195
229260
229354
229449
229542
229636
229723
229802
229885
229954
230025
230093
230160
230219
230289
230363
230441
230535
230638
230721
230797
230870
230944
231024
231105
231180
231263
231340
231421
231490
231580
231658
231739
231823
231916
232007
232098
232174
232259
232336
232420
232505
232580
232666
232758
232845
232923
233012
233089
233167
233252
233354
233432
233512
233606
233678
233747
233827
233911
233999
234103
234216
234309
234395
234478
234562
234652
234743
234828
234921
235008
235099
235178
235278
235366
235457
235551
235654
235755
235856
235942
236037
236124
236218
236313
236398
236494
236596
236693
236781
236880
236967
237055
237150
237262
237350
237440
237544
237626
237694
237778
237869
237947
238041
238142
238224
238308
238389
238469
238542
238617
238689
238760
238828
238914
239001
239079
239175
239272
239354
239438
239519
239599
239663
239745
239834
239915
239992
240087
240167
240250
240319
240395
240482
240558
240644
240737
240821
240895
240973
241050
241126
241212
241286
241378
241477
241568
241655
241760
241850
241943
242022
242108
242205
242291
242387
242490
242584
242668
242756
242843
242929
243025
243103
243183
243260
243336
243389
243449
243517
243599
243678
243757
243837
243936
244025
244120
244202
244281
244358
244459
244554
244654
244758
244867
244977
245096
245200
245316
245412
245520
245623
245718
245814
245901
246012
246117
246227
246341
246460
246580
246709
246823
246949
247055
247173
247286
247391
247497
247588
247681
247771
247860
247938
248030
248119
248208
248298
248407
248506
248611
248703
248792
248867
248953
249066
249159
249253
249345
249438
249534
249626
249719
249804
249900
250023
250126
250230
250332
250435
250541
250643
250746
250835
250926
251014
251101
251176
251268
251360
251445
251547
251649
251738
251829
251917
252004
252086
252170
252251
252331
252391
252471
252552
252632
252719
252793
252876
252957
253039
253120
253202
253272
253362
253453
253543
253640
253724
253817
253908
254000
254091
254183
254257
254333
254406
254478
254530
254597
254662
254730
254799
254860
254926
254993
255074
255147
255216
255292
255374
255451
255518
255593
255660
255732
255794
255862
255944
256013
256096
256182
256256
256333
256404
256477
256551
256633
256707
256776
256859
256945
257019
257096
257172
257242
257319
257396
257470
257544
257616
257691
257759
257824
257902
257982
258068
258149
258248
258348
258429
258504
258582
258659
258735
258810
258898
258988
259084
259175
259284
259394
259485
259570
259658
259745
259831
259910
259991
260069
260146
260210
260287
260362
260440
260519
260590
260666
260743
260834
260917
260996
261082
261174
261261
261338
261423
261500
261582
261654
261732
261824
261903
261996
262092
262176
262263
262344
262427
262511
262603
262687
262766
262859
262955
263039
263126
263212
263292
263379
263466
263550
263634
263716
263801
263879
263944
264029
264121
264203
264278
264373
264475
264567
264646
264727
264805
264882
264941
265007
265078
265156
265241
265320
265406
265477
265566
265654
265737
265823
265901
265977
266058
266137
266215
266284
266348
266421
266490
266566
266647
266735
266830
266919
267015
267096
267195
267293
267386
267482
267570
267656
267747
267836
267924
268003
268077
268160
268233
268308
268380
268451
268509
268577
268647
268727
268796
268868
268939
269008
269074
269148
269216
269286
269362
269430
269508
269588
269678
269757
269839
269920
269999
270075
270159
270237
270317
270403
270464
270537
270615
270687
270768
270844
270930
271017
271095
271166
271249
271337
271419
271510
271596
271692
271789
271877
271952
272029
272103
272176
272239
272307
272397
272472
272563
272650
272742
272818
272900
272983
273061
273161
273246
273347
273444
273546
273632
273724
273817
273899
273983
274064
274144
274211
274292
274379
274456
274547
274644
274725
274808
274888
274967
275034
275108
275189
275272
275349
275433
275524
275617
275698
275781
275861
275940
276007
276094
276175
276252
276349
276440
276521
276604
276684
276763
276835
276909
276980
277050
277115
277192
277265
277345
277428
277506
277584
277661
277740
277812
277886
277961
278043
278112
278188
278270
278343
278421
278498
278571
278651
278736
278812
278893
278974
279057
279135
279210
279297
279380
279470
279563
279651
279739
279826
279915
279997
280081
280166
280258
280337
280423
280515
280598
280686
280773
280856
280946
281041
281127
281218
281309
281402
281490
281565
281655
281750
281836
281925
282004
282085
282163
282240
282308
282378
282445
282511
282567
282650
282732
282817
282903
282983
283059
283124
283198
283272
283342
283419
283506
283595
283671
283764
283843
283915
283996
284070
284138
284231
284323
284418
284514
284604
284690
284765
284849
284933
285013
285100
285197
285296
285382
285485
285574
285656
285747
285831
285903
285977
286048
286118
286179
286252
286324
286389
286460
286543
286625
286700
286775
286852
286926
286999
287054
287134
287205
287273
287361
287448
287522
287599
287745
287886
288020
288162
288299
288429
288540
288624
288708
288785
288871
288940
289022
289093
289178
289255
289336
289412
289491
289562
289640
289721
289794
289861
289937
290012
290090
290152
290217
290298
290375
290456
290519
290587
290664
290748
290815
290889
290963
291030
291114
291207
291284
291378
291481
291562
291645
291725
291804
291871
291961
292042
292120
292218
292315
292399
292486
292642
292793
292937
293089
293236
293376
293497
293591
293685
293772
293868
293947
294039
294120
294215
294302
294393
294479
294568
294649
294737
294828
294911
294988
295074
295159
295247
295319
295394
295485
295572
295663
295736
295814
295901
295995
296072
296156
296240
296309
296395
296476
296561
296641
296726
296806
296891
296971
297052
297128
297209
297285
297363
297436
297514
297587
297669
297746
297825
297899
297978
298052
298134
298216
298293
298372
298446
298525
298621
298712
298807
298897
298992
299082
299177
299267
299358
299444
299535
299621
299709
299792
299880
299963
300055
300142
300231
300315
300404
300488
300580
300672
300759
300848
300932
301015
301100
301182
301263
301341
301445
301540
301628
301742
301847
301939
302033
302124
302214
302282
302365
302453
302541
302619
302712
302810
302908
302990
303074
303155
303235
303299
303381
303458
303530
303604
303696
303783
303865
303943
304023
304100
304176
304242
304323
304410
304497
304585
304676
304777
304861
304948
305040
305123
305200
305286
305371
305459
305531
305607
305698
305795
305892
305990
306091
306202
306296
306393
306495
306588
306675
306771
306866
306964
307046
307126
307208
307287
307365
307436
307509
307579
307648
307709
307785
307865
307945
308016
308102
308192
308282
308357
308434
308508
308581
308635
308706
308791
308881
308958
309036
309115
309183
309257
309329
309400
309477
309546
309621
309685
309761
309833
309904
309981
310050
310125
310189
310254
310325
310401
310467
310541
310620
310697
310768
310832
310896
310962
311025
311093
311170
311247
311318
311386
311453
311517
311590
311665
311731
311812
311907
312007
312094
312182
312271
312349
312433
312515
312596
312683
312762
312847
312921
313007
313089
313170
313257
313336
313421
313495
313570
313651
313737
313813
313897
313986
314073
314154
314228
314302
314378
314451
314529
314616
314703
314784
314862
314939
315013
315096
315181
315251
315323
315392
315460
315523
315603
315676
315763
315842
315920
316012
316109
316193
316266
316356
316439
316536
316625
316713
316815
316922
317016
317093
317172
317248
317323
317370
317422
317490
317562
317624
317697
317763
317824
317888
317947
318012
318072
318143
318205
318261
318318
318382
318445
318526
318590
318654
318729
318801
318876
318946
319020
319080
319137
319193
319250
319312
319375
319447
319508
319571
319644
319708
319781
319861
319937
319999
320077
320159
320231
320314
320390
320461
320535
320604
320679
320749
320830
320902
320968
321035
321109
321182
321273
321347
321421
321506
321588
321673
321753
321837
321907
321974
322040
322107
322179
322252
322334
322405
322478
322561
322635
322718
322808
322894
322953
323025
323091
323164
323244
323323
323404
323484
323550
323628
323698
323776
323863
323934
324003
324072
324154
324230
324313
324403
324492
324583
324673
324749
324837
324917
325005
325102
325183
325262
325335
325410
325482
325553
325615
325691
325772
325853
325939
326024
326111
326197
326274
326348
326426
326501
326573
326650
326722
326808
326899
326990
327086
327181
327278
327374
327461
327545
327633
327718
327800
327887
327963
328041
328116
328190
328247
328327
328396
328466
328536
328607
328672
328736
328803
328868
328940
329002
329073
329142
329211
329281
329355
329426
329488
329555
329631
329703
329770
329846
329915
329980
330062
330142
330215
330292
330358
330431
330504
330572
330649
330714
330798
330863
330930
331020
331099
331179
331259
331340
331415
331489
331566
331641
331723
331795
331876
331955
332034
332114
332198
332279
332351
332428
332514
332596
332673
332759
332838
332913
333005
333095
333178
333265
333341
333424
333507
333585
333672
333747
333841
333916
333987
334060
334130
334199
334255
334327
334399
334474
334548
334622
334698
334769
334848
334913
334979
335053
335134
335221
335293
335367
335448
335514
335596
335678
335763
335847
335931
336017
336098
336187
336262
336338
336422
336513
336610
336692
336776
336867
336937
337009
337078
337146
337212
337280
337345
337409
337457
337512
337574
337650
337723
337805
337868
337928
337995
338074
338141
338210
338282
338352
338424
338499
338565
338641
338717
338793
338866
338942
339021
339095
339172
339240
339315
339386
339464
339542
339617
339682
339748
339825
339905
339986
340066
340149
340231
340313
340393
340476
340555
340640
340717
340805
340886
340974
341054
341135
341219
341297
341371
341450
341522
341597
341683
341757
341835
341910
341982
342058
342136
342217
342293
342381
342461
342542
342619
342698
342780
342854
342929
343004
343102
343194
343293
343379
343481
343575
343670
343755
343863
343965
344074
344170
344282
344386
344491
344580
344671
344759
344846
344922
345009
345099
345190
345280
345373
345465
345557
345647
345740
345829
345924
346011
346109
346200
346298
346388
346479
346573
346661
346745
346834
346916
347001
347097
347181
347269
347354
347436
347522
347610
347701
347787
347885
347975
348066
348153
348242
348334
348418
348503
348583
348665
348744
348822
348888
348975
349064
349140
349237
349336
349416
349498
349577
349655
349720
349792
349878
349961
350053
350126
350196
350273
350362
350439
350518
350600
350680
350762
350847
350923
351009
351095
351181
351264
351350
351439
351523
351610
351688
351773
351854
351942
352030
352115
352190
352253
352339
352427
352520
352608
352696
352784
352867
352957
353030
353126
353224
353327
353425
353523
353621
353714
353814
353891
353970
354046
354121
354190
354261
354329
354396
354456
354527
354598
354683
354753
354834
354915
355010
355084
355160
355233
355305
355364
355436
355520
355600
355677
355747
355824
355907
355982
356061
356134
356207
356290
356363
356435
356511
356576
356648
356725
356800
356873
356958
357048
357117
357199
357293
357383
357470
357550
357637
357730
357815
357904
357987
358070
358163
358246
358328
358414
358489
358571
358658
358743
358826
358921
359021
359090
359171
359255
359339
359429
359506
359588
359674
359762
359844
359929
360018
360091
360176
360258
360338
360421
360504
360588
360673
360750
360834
360908
360995
361080
361162
361236
361317
361396
361487
361581
361675
361775
361862
361954
362050
362148
362240
362335
362434
362517
362612
362704
362794
362887
362980
363074
363169
363256
363350
363434
363531
363626
363718
363802
363893
363976
364061
364143
364224
364297
364372
364444
364515
364569
364628
364698
364771
364839
364901
364972
365041
365100
365164
365233
365313
365396
365474
365546
365627
365706
365775
365838
365924
366000
366083
366167
366241
366322
366397
366480
366551
366624
366720
366806
366899
366993
367077
367168
367253
367346
367427
367504
367583
367659
367734
367796
367873
367943
368018
368092
368170
368247
368319
368406
368486
368571
368655
368743
368830
368906
368984
369059
369133
369200
369286
369363
369459
369540
369623
369703
369782
369844
369923
370002
370078
370161
370239
370312
370392
370469
370544
370626
370700
370781
370850
370922
371005
371078
371158
371233
371307
371381
371462
371537
371609
371698
371787
371873
371966
372054
372137
372227
372314
372399
372491
372575
372666
372745
372827
372920
373003
373093
373178
373262
373346
373437
373522
373598
373676
373751
373825
373893
373963
374030
374096
374157
374235
374319
374390
374478
374572
374647
374724
374798
374871
374930
375008
375077
375165
375238
375313
375385
375456
375511
375581
375643
375710
375780
375846
375913
375973
376033
376104
376170
376234
376305
376375
376452
376521
376588
376662
376730
376799
376866
376931
377003
377069
377142
377209
377273
377333
377398
377478
377550
377627
377707
377783
377860
377930
378000
378081
378157
378231
378312
378392
378479
378558
378635
378719
378797
378876
378953
379028
379110
379186
379269
379346
379420
379490
379559
379630
379698
379765
379818
379878
379944
380005
380074
380139
380201
380263
380332
380403
380468
380528
380596
380667
380729
380797
380865
380940
381002
381071
381137
381198
381263
381328
381390
381460
381531
381604
381675
381749
381821
381888
381956
382019
382089
382165
382236
382315
382390
382462
382534
382613
382694
382769
382839
382917
382998
383070
383148
383226
383311
383383
383462
383538
383609
383684
383759
383831
383911
383992
384075
384156
384240
384322
384399
384477
384538
384607
384684
384760
384843
384925
385001
385071
385142
385221
385308
385394
385487
385579
385665
385745
385820
385897
385971
386044
386110
386188
386273
386349
386437
386532
386612
386694
386773
386851
386909
386979
387051
387119
387199
387281
387353
387427
387498
387568
387635
387704
387770
387835
387893
387962
388048
388124
388187
388257
388327
388404
388472
388551
388647
388733
388806
388886
388966
389053
389125
389199
389270
389340
389397
389462
389528
389601
389686
389753
389828
389904
389987
390082
390144
390218
390293
390367
390439
390523
390608
390692
390768
390846
390921
390995
391066
391139
391209
391278
391344
391431
391525
391601
391698
391802
391882
391964
392043
392121
392174
392229
392281
392327
392375
392436
392490
392549
392612
392666
392714
392756
392802
392866
392933
393000
393052
393121
393193
393249
393309
393376
393447
393516
393583
393651
393716
393783
393844
393919
393980
394048
394117
394186
394254
394323
394390
394459
394528
394593
394659
394728
394795
394863
394932
394996
395063
395131
395200
395267
395336
395400
395467
395534
395595
395660
395729
395797
395856
395923
395986
396053
396105
396160
396228
396287
396349
396416
396483
396545
396610
396680
396744
396805
396879
396949
397019
397093
397161
397224
397287
397354
397406
397479
397536
397614
397668
397721
397777
397833
397888
397946
398004
398062
398123
398184
398239
398292
398343
398406
398472
398538
398604
398670
398736
398786
398848
398930
399016
399103
399195
399297
399408
399525
399660
399782
399907
400033
400164
400300
400453
400591
400737
400886
400978
401080
401191
401308
401393
401481
401570
401664
401768
401881
402000
402137
402261
402388
402516
402649
402787
402930
403091
403237
403396
403539
403692
403835
403988
404152
404305
404462
404637
404815
404956
405105
405266
405418
405569
405720
405882
406055
406206
406300
406405
406519
406639
406704
406762
406828
406889
406953
407018
407088
407163
407247
407340
407442
407561
407641
407718
407803
407901
407989
408053
408120
408188
408261
408339
408426
408517
408626
408720
408827
408918
409019
409102
409194
409297
409389
409485
409599
409716
409796
409884
409984
410075
410165
410255
410356
410468
410558
410612
410661
410710
410763
410835
410910
410985
411060
411135
411210
411285
411360
411435
411510
411585
411665
411748
411831
411914
411997
412068
412142
412216
412290
412364
412436
412511
412586
412661
412736
412811
412874
412940
413006
413072
413138
413204
413270
413336
413402
413467
413535
413603
413671
413739
413807
413875
413943
414011
414079
414147
414215
414283
414351
414419
414487
414560
414636
414712
414789
414869
414949
415029
415109
415189
415269
415349
415421
415496
415571
415631
415708
415788
415852
415920
415995
416074
416151
416226
416302
416375
416450
416519
416602
416671
416747
416824
416901
416977
417054
417129
417206
417283
417356
417430
417507
417582
417658
417735
417807
417882
417958
418035
418110
418187
418259
418334
418409
418478
418551
418628
418704
418771
418846
418917
418992
419063
419137
419211
419285
419353
419424
419495
419566
419636
419709
419782
419855
419928
419993
420061
420129
420202
420278
420354
420430
420506
420582
420650
420721
420792
420863
420937
421014
421091
421156
421224
421292
421360
421428
421496
421564
421632
421700
421760
421823
421899
421966
422036
422111
422186
422256
422329
422407
422479
422548
422630
422708
422786
422868
422944
423015
423086
423161
423221
423293
423365
423437
423509
423581
423653
423725
423797
423869
423941
424013
424085
424157
424229
424301
424373
424445
424517
424589
424661
424733
424805
424877
424949
425021
425093
425165
425237
425309
425381
425453
425525
425597
425669
425741
425813
425885
425957
426029
426101
426173
426245
426317
426389
426461
426533
426605
426677
426749
426821
426893
426965
427037
427109
427181
427253
427325
427397
427469
427541
427613
427685
427757
427829
427910
427990
428068
428150
428215
428292
428369
428446
428523
428600
428677
428754
428831
428908
428985
429062
429139
429216
429293
429370
429447
429524
429601
429678
429755
429832
429909
429986
430063
430140
430217
430294
430371
430448
430525
430602
430679
430756
430833
430910
430987
431064
431141
431218
431295
431372
431449
431526
431603
431680
431757
431834
431911
431988
432065
432142
432219
432296
432373
432450
432527
432604
432681
432758
432835
432912
432989
433066
433143
433229
433314
433397
433484
433545
433607
433672
433740
433808
433876
433944
434015
434086
434157
434227
434300
434373
434446
434519
434592
434665
434738
434811
434879
434950
435021
435092
435153
435217
435281
435345
435409
435470
435534
435598
435662
435726
435794
435865
435936
436007
436078
436149
436220
436288
436359
436430
436501
436572
436643
436714
436785
436856
436927
436998
437072
437146
437220
437294
437358
437425
437492
437559
437626
437693
437760
437827
437894
437961
438028
438095
438162
438231
438303
438375
438447
438519
438591
438663
438735
438807
438879
438951
439023
439095
439161
439230
439299
439368
439437
439506
439575
439644
439713
439782
439851
439920
439989
440058
440125
440195
440265
440335
440397
440462
440527
440592
440657
440722
440787
440852
440917
440985
441056
441127
441198
441269
441340
441411
441482
441553
441624
441689
441757
441825
441893
441961
442029
442097
442165
442233
442302
442374
442446
442518
442590
442654
442721
442788
442855
442916
442980
443044
443108
443172
443236
443300
443364
443428
443492
443559
443626
443693
443760
443827
443894
443961
444028
444095
444160
444228
444296
444364
444432
444506
444577
444640
444708
444773
444842
444909
444977
445045
445117
445184
445251
445332
445416
445500
445584
445657
445733
445809
445885
445964
446043
446122
446202
446285
446368
446451
446524
446600
446676
446752
446828
446904
446980
447055
447133
447211
447292
447376
447460
447544
447628
447712
447794
447879
447964
448049
448112
448185
448261
448337
448413
448478
448546
448614
448682
448750
448818
448891
448967
449043
449119
449195
449271
449347
449423
449499
449569
449642
449715
449788
449861
449934
450007
450080
450151
450225
450299
450373
450445
450520
450595
450670
450745
450809
450876
450943
451010
451077
451144
451211
451278
451345
451412
451479
451546
451613
451680
451747
451814
451881
451948
452015
452076
452137
452196
452264
452335
452406
452477
452548
452619
452690
452761
452832
452901
452973
453045
453117
453189
453261
453333
453405
453477
453549
453611
453676
453741
453806
453871
453936
454001
454064
454130
454196
454262
454328
454401
454477
454553
454629
454694
454762
454830
454898
454966
455034
455102
455170
455238
455306
455374
455442
455510
455578
455636
455706
455802
455901
456001
456106
456221
456345
456475
456623
456758
456909
457053
457191
457330
457474
457623
457789
457949
458024
458089
458169
458252
458336
458425
458519
458628
458743
458871
459019
459161
459300
459439
459587
459732
459877
460026
460160
460302
460436
460581
460725
460859
461014
461113
461221
461340
461436
461540
461652
461773
461905
462049
462156
462259
462367
462473
462583
462700
462770
462850
462933
463017
463106
463200
463309
463424
463552
463704
463848
463997
464147
464292
464434
464577
464711
464853
464987
465137
465279
465413
465567
465666
465762
465866
465978
466099
466231
466375
466491
466598
466701
466809
466915
467025
467142
467214
467303
467396
467490
467589
467693
467812
467946
468091
468250
468408
468553
468718
468856
469010
469159
469300
469446
469590
469756
469923
470082
470226
470388
470555
470721
470877
471037
471177
471327
471471
471628
471784
471922
472073
472237
472404
472569
472732
472895
473057
473221
473389
473553
473700
473862
474027
474192
474357
474466
474584
474713
474819
474933
475063
475189
475306
475425
475544
475663
475785
475904
476024
476141
476266
476379
476495
476615
476745
476868
476999
477130
477261
477392
477523
477654
477785
477918
478004
478105
478209
478314
478424
478539
478658
478784
478918
479061
479223
479381
479498
479623
479761
479889
479992
480098
480205
480317
480434
480556
480687
480825
480966
481111
481263
481415
481560
481720
481876
482031
482180
482344
482507
482662
482814
482976
483135
483279
483426
483572
483731
483893
484045
484207
484367
484514
484664
484794
484937
485083
485185
485290
485396
485507
485623
485743
485870
486008
486155
486291
486431
486584
486728
486887
487040
487180
487331
487484
487639
487784
487937
488055
488181
488319
488458
488587
488711
488842
488967
489092
489220
489343
489469
489568
489670
489773
489881
489994
490111
490235
490363
490506
490652
490793
490941
491080
491218
491362
491506
491650
491790
491931
492068
492202
492359
492523
492656
492805
492952
493100
493235
493379
493518
493658
493786
493938
494085
494232
494384
494529
494668
494818
494968
495114
495257
495390
495548
495694
495835
495976
496124
496239
496362
496497
496633
496759
496880
497015
497158
497299
497440
497581
497711
497849
497985
498121
498257
498387
498525
498661
498797
498936
499072
499200
499336
499470
499604
499738
499866
499993
500128
500261
500394
500527
500660
500805
500934
501072
501209
501344
501479
501614
501738
501870
502000
502130
502263
502393
502515
502637
502758
502880
503001
503130
503257
503388
503515
503642
503781
503904
504033
504170
504299
504424
504544
504667
504763
504862
504962
505067
505177
505291
505412
505540
505682
505819
505956
506098
506233
506373
506515
506655
506790
506926
507041
507165
507300
507428
507562
507694
507826
507972
508108
508202
508299
508397
508500
508608
508720
508839
508965
509102
509192
509280
509390
509504
509619
509739
509864
510004
510158
510319
510488
510663
510833
511001
511176
511349
511518
511695
511854
512026
512191
512361
512491
512630
512780
512925
513084
513248
513433
513621
513809
513997
514185
514292
514402
514513
514629
514750
514886
515036
515190
515354
515519
515685
515842
516011
516165
516331
516498
516665
516830
516998
517164
517324
517500
517678
517855
518020
518200
518326
518477
518631
518785
518939
519093
519234
519389
519548
519716
519899
520085
520271
520457
520643
520766
520897
521040
521184
521324
521474
521624
521773
521907
522036
522173
522325
522477
522627
522771
522909
523063
523217
523369
523505
523642
523796
523948
524100
524246
524396
524528
524658
524788
524918
525053
525182
525315
525459
525624
525794
525956
526115
526280
526435
526590
526749
526886
527032
527176
527314
527447
527538
527614
527677
527754
527834
527915
528001
528092
528198
528316
528440
528577
528707
528844
528992
529119
529261
529387
529520
529652
529790
529883
529984
530090
530194
530294
530397
530504
530618
530721
530797
530876
530956
531041
531131
531236
531352
531474
531600
531731
531857
531980
532114
532206
532306
532411
532514
532613
532715
532821
532934
533007
533083
533160
533242
533329
533431
533541
533657
533777
533897
534021
534110
534207
534309
534409
534505
534604
534707
534817
534898
534982
535067
535157
535252
535362
535484
535616
535748
535877
536014
536111
536216
536324
536428
536535
536646
536764
536871
536939
537019
537102
537186
537275
537369
537478
537602
537729
537869
538022
538150
538290
538421
538557
538685
538822
538921
539029
539148
539244
539348
539455
539558
539664
539774
539891
539997
540078
540162
540247
540337
540432
540542
540668
540801
540933
541069
541205
541345
541442
541547
541655
541759
541866
541977
542095
542175
542258
542342
542431
542525
542634
542758
542891
543024
543165
543297
543430
543526
543630
543737
543840
543946
544056
544173
544279
544345
544427
544502
544573
544650
544743
544823
544904
544990
545081
545187
545305
545428
545558
545698
545829
545971
546113
546206
546307
546411
546511
546614
546721
546835
546910
546994
547081
547169
547262
547360
547473
547598
547736
547878
548008
548149
548282
548382
548490
548601
548708
548818
548932
549053
549123
549198
549278
549361
549453
549548
549644
549745
549858
549980
550109
550242
550334
550429
550525
550626
550732
550853
550982
551115
551264
551412
551523
551624
551730
551822
551917
552013
552114
552220
552341
552470
552603
552757
552894
553047
553207
553355
553517
553668
553810
553979
554141
554306
554478
554589
554681
554776
554872
554973
555079
555200
555329
555462
555614
555725
555833
555949
556068
556183
556301
556423
556552
556667
556747
556830
556922
557017
557113
557214
557327
557449
557578
557711
557803
557898
557994
558095
558201
558322
558451
558584
558731
558879
558990
559082
559177
559273
559374
559480
559601
559733
559876
559987
560107
560244
560336
560431
560527
560628
560734
560855
560984
561117
561273
561410
561562
561715
561856
562016
562179
562345
562456
562576
562668
562763
562859
562960
563066
563187
563316
563449
563598
563738
563849
563957
564073
564192
564306
564424
564546
564675
564738
564809
564892
564978
565065
565157
565254
565366
565489
565619
565721
565813
565910
565991
566075
566160
566250
566345
566455
566571
566691
566822
566942
567080
567176
567273
567378
567486
567590
567697
567808
567928
568046
568153
568260
568334
568404
568489
568577
568666
568760
568859
568973
569092
569218
569355
569459
569572
569692
569823
569905
569990
570076
570167
570263
570374
570490
570610
570735
570856
570991
571123
571202
571290
571372
571455
571543
571643
571752
571868
571947
572029
572112
572200
572293
572401
572514
572631
572757
572855
572962
573076
573149
573224
573302
573381
573465
573554
573658
573772
573890
574022
574140
574275
574369
574460
574559
574632
574714
574790
574867
574949
575036
575138
575248
575362
575488
575602
575722
575811
575908
576008
576104
576203
576306
576416
576515
576593
576674
576756
576843
576935
577042
577162
577286
577427
577524
577630
577743
577820
577906
577986
578067
578153
578244
578350
578468
578590
578722
578861
578954
579055
579159
579259
579362
579430
579506
579585
579665
579750
579840
579945
580061
580181
580316
580411
580515
580626
580711
580801
580906
581022
581142
581281
581359
581446
581527
581609
581696
581788
581895
582015
582139
582280
582404
582541
582635
582737
582842
582950
583051
583116
583190
583281
583372
583450
583529
583613
583702
583806
583919
584037
584163
584290
584407
584537
584670
584792
584934
585072
585166
585269
585383
585474
585573
585684
585786
585884
585982
586079
586163
586252
586323
586410
586490
586564
586640
586721
586807
586908
587015
587139
587257
587325
587395
587481
587567
587646
587719
587793
587872
587956
588055
588159
588267
588386
588507
588626
588737
588854
588972
589092
589201
589326
589435
589557
589665
589786
589908
589997
590095
590204
590290
590384
590490
590587
590683
590776
590869
590965
591065
591172
591237
591320
591406
591493
591585
591682
591794
591912
592040
592183
592266
592358
592444
592531
592623
592720
592832
592950
593078
593219
593318
593425
593546
593630
593723
593810
593898
593991
594089
594202
594328
594460
594563
594663
594771
594882
594952
595015
595096
595203
595313
595424
595540
595661
595797
595949
596111
596293
596419
596554
596696
596849
596950
597054
597159
597269
597391
597522
597660
597761
597865
597970
598080
598195
598325
598471
598620
598782
598941
599102
599222
599351
599487
599627
599711
599793
599902
600014
600127
600245
600368
600506
600661
600826
601003
601131
601268
601412
601567
601670
601776
601883
601995
602098
602204
602311
602423
602540
602672
602821
602974
603139
603291
603457
603625
603747
603878
604016
604101
604193
604301
604412
604524
604641
604763
604900
605053
605222
605388
605511
605653
605748
605853
605961
606070
606184
606303
606437
606584
606744
606812
606884
606959
607046
607136
607227
607323
607424
607540
607671
607817
607961
608067
608182
608304
608437
608531
608628
608726
608829
608937
609060
609205
609372
609530
609643
609765
609894
610034
610106
610193
610283
610374
610470
610571
610687
610818
610964
611108
611214
611329
611451
611541
611634
611728
611827
611931
612050
612187
612342
612451
612569
612694
612781
612871
612962
613058
613159
613275
613406
613552
613658
613773
613895
613970
614051
614135
614220
614310
614405
614515
614634
614762
614862
614971
615087
615183
615298
615384
615473
615563
615658
615758
615873
616002
616145
616250
616364
616485
616564
616646
616749
616855
616962
617074
617191
617323
617469
617625
617801
617923
618054
618192
618341
618438
618538
618639
618745
618863
618990
619124
619221
619321
619422
619528
619639
619765
619905
620049
620211
620327
620452
620584
620667
620766
620868
620971
621079
621192
621320
621464
621624
621742
621869
622003
622117
622250
622336
622428
622523
622619
622720
622826
622947
623077
623216
623327
623447
623574
623664
623757
623851
623950
624054
624173
624299
624431
624573
624706
624854
624963
625081
625206
625288
625373
625459
625550
625646
625757
625885
626026
626165
626263
626369
626478
626586
626694
626806
626925
627040
627166
627272
627343
627429
627518
627608
627703
627803
627918
628045
628176
628322
628467
628601
628743
628874
629023
629159
629303
629456
629561
629679
629793
629918
630048
630150
630260
630382
630495
630605
630723
630839
630955
631071
631180
631292
631408
631531
631643
631722
631804
631887
631975
632068
632176
632290
632408
632537
632667
632788
632923
633053
633186
633312
633441
633569
633701
633819
633950
634048
634155
634273
634368
634471
634577
634691
634796
634907
635009
635114
635223
635339
635415
635495
635578
635675
635775
635876
635982
636093
636219
636352
636492
636645
636761
636886
637018
637161
637255
637352
637450
637553
637661
637784
637914
638052
638198
638333
638492
638641
638790
638937
639028
639135
639235
639329
639424
639524
639636
639757
639885
639976
640083
640177
640272
640372
640477
640597
640724
640858
640999
641140
641287
641426
641573
641708
641855
641965
642084
642210
642340
642402
642470
642552
642656
642763
642871
642984
643102
643235
643379
643530
643692
643815
643947
644086
644236
644337
644441
644546
644656
644771
644901
645042
645187
645337
645483
645643
645800
645898
645999
646101
646208
646327
646455
646590
646688
646789
646891
646998
647110
647237
647375
647517
647668
647785
647911
648044
648129
648216
648306
648397
648493
648594
648710
648842
648978
649128
649264
649417
649503
649592
649682
649777
649877
649992
650123
650260
650362
650472
650585
650693
650802
650910
651022
651141
651271
651383
651470
651560
651651
651747
651848
651964
652097
652246
652395
652498
652611
652731
652862
652935
652998
653066
653150
653237
653325
653418
653516
653629
653758
653903
654047
654147
654255
654366
654480
654590
654704
654825
654942
655067
655145
655226
655308
655395
655487
655594
655711
655834
655928
656030
656135
656236
656340
656444
656555
656677
656781
656865
656952
657040
657133
657231
657344
657472
657613
657754
657899
658040
658140
658248
658361
658472
658585
658712
658840
658968
659096
659206
659313
659422
659544
659663
659783
659893
660007
660131
660248
660375
660469
660566
660664
660767
660875
660998
661147
661306
661416
661534
661655
661772
661892
662016
662147
662274
662413
662497
662584
662672
662765
662863
662976
663101
663241
663341
663449
663560
663670
663780
663894
664015
664132
664257
664367
664442
664521
664603
664686
664774
664867
664975
665093
665217
665312
665415
665530
665636
665741
665852
665970
666097
666218
666329
666447
666571
666692
666797
666898
667009
667087
667166
667250
667339
667443
667554
667671
667762
667861
667963
668061
668162
668270
668389
668490
668561
668641
668724
668808
668897
668991
669100
669221
669358
669454
669558
669665
669775
669884
669990
670100
670220
670300
670383
670467
670556
670652
670756
670865
670972
671075
671183
671299
671423
671550
671671
671741
671822
671906
671991
672081
672176
672286
672407
672544
672641
672746
672854
672958
673069
673177
673284
673395
673513
673598
673686
673775
673869
673968
674082
674211
674354
674455
674564
674676
674790
674898
675007
675118
675233
675355
675449
675548
675621
675688
675760
675840
675923
676007
676096
676190
676299
676412
676533
676669
676806
676902
677006
677113
677215
677321
677431
677548
677631
677717
677804
677896
677993
678105
678228
678369
678471
678570
678677
678782
678861
678943
679026
679114
679207
679315
679430
679561
679692
679787
679892
680004
680127
680204
680284
680365
680451
680542
680648
680759
680882
681015
681142
681238
681331
681432
681535
681645
681767
681893
682015
682136
682259
682380
682455
682529
682612
682698
682785
682877
682974
683086
683202
683327
683464
683605
683707
683806
683913
684018
684127
684240
684360
684437
684524
684614
684705
684801
684902
685018
685138
685271
685412
685557
685699
685856
685998
686159
686320
686481
686643
686785
686939
687093
687247
687397
687552
687658
687761
687872
687988
688097
688210
688327
688451
688507
688773
688846
688894
688946
688997
689043
689093
689146
689203
689247
689295
689351
689411
689459
689511
689560
689613
689661
689713
689761
689813
689860
689911
689955
690003
690050
690101
690143
690189
690236
690293
690353
690429
690503
690556
690606
690657
690713
690793
690864
690925
690981
691026
691077
691132
691181
691237
691291
691345
691407
691463
691511
691557
691688
691749
691817
691879
691948
692020
692085
692160
692235
692288
692360
692424
692485
692556
692618
692668
692732
692786
692855
692909
692979
693049
693112
693175
693235
693295
693355
693414
693473
693563
693645
693727
693802
693873
693943
694014
694098
694182
694266
694342
694418
694494
694570
694646
694715
694784
694853
694922
694989
695056
695123
695189
695255
695320
695385
695450
695515
695580
695645
695713
695781
695845
695909
695973
696037
696101
696163
696228
696293
696358
696423
696488
696553
696612
696671
696740
696809
696864
696923
697006
697058
697134
697217
697269
697321
697426
697529
697604
697692
697776
697867
697958
698048
698166
698288
698420
698545
698628
698717
698830
698935
699046
699143
699247
699354
699470
699565
699652
699757
699847
699933
700013
700100
700185
700274
700370
700477
700584
700686
700792
700910
701022
701142
701260
701372
701484
701586
701686
701785
701883
701989
702087
702190
702267
702353
702446
702535
702612
702698
702791
702880
702957
703043
703136
703225
703302
703388
703481
703570
703655
703727
703808
703896
703979
704058
704128
704207
704293
704374
704453
704532
704614
704692
704768
704846
704914
704984
705067
705144
705221
705309
705401
705491
705577
705681
705769
705842
705917
705998
706073
706149
706228
706304
706383
706454
706527
706606
706679
706753
706831
706909
706977
707064
707149
707232
707327
707416
707498
707598
707681
707750
707839
707930
708027
708118
708210
708305
708397
708492
708568
708656
708746
708825
708903
708980
709059
709160
709270
709373
709469
709545
709623
709716
709810
709909
710008
710109
710210
710320
710430
710528
710624
710722
710821
710924
711020
711118
711217
711266
711324
711375
711442
711487
711536
711596
711652
711709
711764
711825
711888
711944
712025
712099
712171
712242
712298
712370
712446
712537
712610
712687
712780
712862
712948
713059
713136
713220
713308
713423
713504
713605
713680
713759
713856
713933
714014
714115
714188
714265
714358
714433
714512
714609
714687
714769
714872
714944
715020
715111
715180
715253
715338
715410
715486
715577
715652
715731
715828
715901
715978
716071
716148
716229
716330
716419
716512
716637
716724
716815
716936
717014
717096
717199
717253
717319
717384
717459
717540
717600
717663
717725
717791
717859
717932
718004
718078
718156
718226
718298
718373
718440
718507
718575
718644
718709
718791
718873
718955
719025
719097
719183
719250
719305
719377
719443
719504
719567
719641
719714
719789
719868
719939
720012
720088
720156
720224
720293
720363
720429
720512
720595
720678
720749
720822
720909
720977
721032
721104
721170
721231
721295
721358
721428
721502
721575
721650
721729
721800
721873
721949
722017
722085
722154
722224
722290
722373
722456
722539
722610
722683
722770
722838
722898
722970
723041
723111
723181
723246
723309
723373
723437
723496
723559
723622
723685
723744
723811
723882
723968
724041
724099
724161
724229
724295
724357
724419
724481
724542
724600
724674
724746
724825
724883
724942
725001
725074
725147
725220
725300
725380
725460
725527
725595
725661
725733
725821
725893
725981
726053
726141
726215
726272
726329
726387
726445
726502
726559
726616
726679
726756
726837
726943
727026
727091
727156
727221
727281
727345
727417
727483
727547
727615
727686
727756
727822
727892
727967
728039
728098
728164
728246
728332
728431
728514
728601
728704
728772
728860
728952
729063
729124
729185
729247
729309
729373
729437
729513
729588
729657
729727
729797
729866
729932
729998
730070
730141
730214
730286
730365
730448
730558
730641
730751
730834
730944
731027
731137
731222
731298
731394
731470
731566
731642
731738
731814
731910
731986
732082
732158
732254
732330
732426
732504
732574
732648
732740
732814
732906
732980
733072
733148
733220
733298
733380
733488
733572
733648
733744
733822
733890
733962
734050
734122
734210
734282
734370
734442
734530
734604
734677
734754
734852
734931
734998
735069
735155
735226
735312
735383
735469
735540
735626
735697
735783
735854
735940
736013
736077
736145
736225
736293
736373
736441
736521
736591
736658
736729
736815
736888
736958
737032
737124
737198
737290
737364
737456
737532
737596
737668
737744
737840
737918
737986
738066
738136
738204
738276
738364
738436
738524
738596
738684
738756
738844
738916
739004
739076
739172
739246
739318
739394
739490
739566
739662
739740
739824
739912
740032
740122
740199
740280
740386
740467
740573
740654
740760
740843
740925
741011
741127
741215
741288
741365
741463
741540
741638
741717
741770
742067
742124
742180
742237
742294
742349
742406
742473
742523
742585
742653
742712
742778
742846
742911
742976
743030
743095
743180
743264
743349
743435
743521
743605
743682
743747
743821
743896
743962
744035
744101
744166
744231
744306
744359
744423
744484
744546
744599
744657
744716
744776
744833
744895
744954
745023
745086
745142
745204
745271
745329
745400
745465
745523
745590
745652
745709
745768
745830
745903
745973
746037
746107
746180
746242
746323
746395
746462
746532
746597
746663
746730
746795
746860
746930
747005
747071
747134
747194
747260
747323
747391
747455
747519
747588
747657
747707
747764
747824
747889
747952
748011
748075
748151
748215
748291
748357
748433
748500
748569
748632
748701
748764
748827
748890
748952
749025
749093
749156
749219
749279
749350
749421
749493
749567
749636
749701
749763
749838
749912
749980
750042
750125
750193
750249
750301
750358
750417
750468
750521
750581
750651
750718
750772
750829
750884
750942
751001
751057
751107
751176
751235
751301
751366
751424
751486
751550
751623
751695
751755
751819
751881
751937
751999
752059
752122
752200
752274
752347
752405
752464
752532
752592
752648
752705
752777
752841
752906
752984
753054
753118
753186
753250
753323
753392
753460
753526
753587
753656
753720
753782
753838
753897
753954
754011
754070
754138
754204
754274
754332
754391
754450
754526
754601
754671
754740
754799
754857
754920
754991
755063
755137
755200
755268
755330
755397
755457
755512
755571
755625
755681
755736
755811
755870
755930
755991
756048
756115
756173
756234
756283
756333
756386
756441
756505
756571
756637
756691
756752
756809
756864
756925
756990
757054
757114
757180
757235
757315
757390
757463
757537
757611
757684
757762
757854
757928
758004
758063
758125
758186
758251
758319
758383
758437
758499
758555
758613
758672
758725
758782
758844
758906
758972
759035
759092
759149
759217
759287
759345
759409
759464
759522
759589
759649
759716
759771
759826
759880
759936
760007
760076
760135
760211
760287
760364
760434
760491
760550
760606
760661
760715
760770
760830
760885
760953
761006
761063
761117
761175
761243
761320
761383
761450
761521
761583
761645
761709
761770
761823
761881
761935
761969
762018
762057
762096
762134
762184
762223
762279
762339
762380
762426
762478
762516
762558
762607
762660
762714
762772
762826
762884
762938
762996
763049
763106
763149
763196
763238
763291
763336
763381
763435
763492
763546
763600
763654
763708
763765
763822
763876
763933
763987
764044
764101
764151
764199
764247
764297
764366
764410
764450
764494
764538
764586
764628
764674
764722
764760
764802
764842
764886
764928
764974
765015
765060
765107
765149
765195
765231
765274
765320
765365
765420
765460
765514
765563
765626
765686
765726
765784
765824
765866
765911
765960
766013
766068
766124
766172
766224
766278
766327
766373
766422
766471
766520
766569
766618
766667
766719
766771
766823
766867
766917
766970
767024
767090
767153
767218
767283
767353
767415
767496
767558
767618
767681
767741
767804
767869
767936
768000
768061
768125
768198
768255
768317
768375
768440
768507
768568
768629
768694
768751
768829
768887
768943
769013
769060
769114
769179
769246
769299
769351
769413
769457
769507
769561
769615
769682
769746
769811
769877
769947
770008
770090
770152
770212
770276
770337
770400
770466
770534
770598
770659
770723
770796
770853
770916
770975
771039
771107
771168
771230
771296
771354
771431
771489
771546
771616
771663
771716
771782
771849
771901
771953
772015
772059
772110
772164
772219
772286
772350
772416
772482
772552
772614
772696
772759
772820
772884
772945
773009
773075
773143
773208
773270
773334
773408
773465
773528
773587
773652
773720
773782
773844
773910
773968
774046
774105
774162
774233
774281
774335
774401
774469
774522
774575
774638
774682
774733
774787
774842
774909
774973
775039
775105
775175
775237
775319
775382
775443
775507
775568
775632
775698
775766
775831
775893
775957
776031
776088
776151
776210
776275
776343
776405
776467
776533
776591
776669
776728
776785
776856
776904
776958
777024
777092
777145
777198
777261
777309
777371
777429
777488
777551
777615
777671
777715
777766
777820
777875
777942
778006
778072
778138
778208
778270
778352
778415
778476
778540
778601
778665
778731
778799
778864
778926
778990
779064
779121
779184
779243
779308
779376
779438
779500
779566
779624
779702
779761
779818
779889
779937
779991
780057
780125
780178
780231
780294
780338
780389
780443
780498
780565
780629
780695
780761
780831
780893
780975
781038
781099
781163
781224
781288
781354
781422
781487
781549
781613
781687
781744
781807
781866
781931
781999
782061
782123
782189
782247
782325
782384
782441
782512
782560
782614
782680
782748
782801
782854
782917
782961
783012
783066
783121
783188
783252
783318
783384
783454
783516
783598
783661
783722
783786
783847
783911
783977
784045
784110
784172
784236
784310
784367
784430
784489
784554
784622
784684
784746
784812
784870
784948
785007
785064
785135
785183
785237
785303
785371
785424
785477
785540
785587
785641
785698
785756
785826
785893
785962
786031
786104
786169
786254
786320
786384
786451
786515
786582
786651
786722
786790
786855
786922
786999
787059
787125
787187
787255
787326
787391
787456
787525
787586
787667
787729
787789
787863
787914
787971
788040
788111
788167
788223
788289
788336
788390
788447
788505
788575
788642
788711
788780
788853
788918
789003
789069
789133
789200
789264
789331
789400
789471
789539
789604
789671
789748
789808
789874
789936
790004
790075
790140
790205
790274
790335
790416
790478
790538
790612
790663
790720
790789
790860
790916
790972
791038
791085
791139
791196
791254
791324
791391
791460
791529
791602
791667
791752
791818
791882
791949
792013
792080
792149
792220
792288
792353
792420
792497
792557
792623
792685
792753
792824
792889
792954
793023
793084
793165
793227
793287
793361
793412
793469
793538
793609
793665
793721
793787
793830
793873
793923
793984
794039
794110
794188
794262
794343
794403
794462
794536
794600
794660
794724
794796
794873
794931
794993
795057
795138
795203
795260
795316
795379
795441
795499
795558
795618
795682
795743
795796
795852
795914
795975
796038
796077
796121
796165
796213
796258
796301
796345
796384
796432
796476
796518
796568
796614
796658
796700
796743
796784
796828
796874
796927
796984
797028
797069
797108
797150
797200
797264
797328
797387
797429
797488
797549
797595
797645
797699
797760
797840
797908
797987
798061
798132
798204
798270
798347
798424
798491
798577
798652
798724
798794
798865
798958
799030
799099
799180
799249
799324
799401
799475
799533
799591
799642
799694
799742
799798
799848
799900
799962
800017
800077
800141
800193
800243
800292
800340
800386
800429
800473
800515
800575
800640
800711
800774
800838
800907
800981
801059
801144
801237
801338
801445
801556
801686
801824
801949
802081
802212
802340
802468
802590
802666
802750
802839
802931
803032
803144
803266
803353
803407
803466
803531
803588
803646
803709
803777
803849
803928
804015
804110
804211
804322
804452
804586
804711
804843
804974
805102
805230
805300
805378
805461
805547
805642
805748
805864
805945
805997
806054
806117
806172
806228
806289
806355
806425
806502
806587
806680
806779
806885
807011
807136
807256
807383
807509
807632
807755
807823
807899
807980
808064
808157
808261
808375
808454
808501
808542
808601
808665
808735
808797
808860
808928
809001
809085
809175
809277
809352
809435
809523
809604
809657
809715
809779
809835
809892
809954
810021
810097
810178
810264
810350
810433
810502
810579
810661
810750
810834
810914
810989
811064
811143
811231
811320
811399
811454
811514
811580
811638
811697
811761
811830
811910
812002
812095
812188
812259
812338
812422
812508
812590
812666
812747
812831
812921
813012
813062
813117
813178
813231
813285
813344
813408
813479
813557
813639
813724
813809
813893
813959
814033
814112
814183
814239
814300
814367
814426
814486
814551
814621
814699
814796
814899
815002
815093
815187
815259
815339
815424
815501
815547
815609
815676
815749
815814
815880
815951
816027
816121
816221
816321
816440
816518
816604
816695
816779
816836
816898
816966
817026
817087
817153
817224
817309
817403
817502
817597
817699
817797
817898
817996
818102
818175
818256
818342
818421
818469
818528
818592
818662
818724
818787
818855
818928
819005
819092
819188
819299
819410
819525
819643
819747
819852
819963
820080
820197
820309
820425
820541
820660
820735
820818
820904
820985
821038
821097
821161
821231
821293
821356
821424
821497
821574
821661
821757
821868
821986
822097
822203
822307
822432
822548
822678
822793
822868
822949
823007
823070
823139
823200
823262
823329
823401
823477
823563
823657
823758
823864
823938
824018
824065
824127
824194
824268
824334
824419
824499
824594
824678
824763
824853
824955
825066
825184
825306
825386
825469
825553
825642
825736
825838
825951
826078
826209
826344
826499
826598
826706
826821
826940
827019
827101
827184
827272
827365
827466
827578
827704
827834
827983
828139
828293
828422
828571
828708
828865
829018
829173
829328
829484
829636
829788
829926
830086
830247
830411
830581
830749
830911
831066
831233
831394
831563
831706
831838
831989
832081
832182
832290
832388
832495
832613
832745
832885
833044
833179
833333
833476
833638
833782
833950
834113
834201
834289
834369
834453
834538
834628
834723
834826
834940
835068
835204
835359
835511
835611
835728
835825
835930
836042
836150
836253
836361
836466
836531
836582
836624
836682
836735
836797
836844
836906
836947
837005
837086
837172
837264
837348
837433
837523
837618
837724
837853
838007
838133
838276
838357
838443
838535
838619
838704
838794
838889
838995
839121
839264
839411
839549
839697
839797
839906
840026
840087
840142
840217
840297
840383
840461
840540
840624
840713
840806
840908
841017
841137
841212
841292
841378
841456
841535
841619
841708
841801
841903
842015
842129
842256
842350
842453
842563
842677
842735
842787
842844
842907
842962
843018
843079
843145
843215
843291
843371
843461
843556
843648
843719
843800
843862
843949
844041
844139
844229
844320
844416
844517
844629
844761
844910
845063
845152
845246
845346
845438
845531
845629
845732
845846
845983
846140
846274
846425
846490
846535
846575
846622
846675
846720
846766
846817
846873
846933
847003
847081
847162
847248
847290
847331
847387
847446
847506
847571
847641
847716
847801
847873
847953
848038
848131
848214
848296
848385
848474
848553
848614
848678
848743
848813
848890
848975
849073
849161
849245
849331
849418
849513
849617
849669
849726
849789
849844
849900
849961
850029
850105
850193
850272
850350
850436
850532
850615
850708
850783
850858
850931
851011
851069
851130
851192
851259
851331
851419
851514
851618
851726
851803
851877
851959
852054
852139
852226
852307
852383
852462
852542
852627
852719
852819
852932
853046
853149
853248
853349
853451
853561
853680
853738
853799
853861
853928
854000
854088
854183
854287
854395
854472
854546
854628
854723
854808
854889
854976
855036
855099
855163
855232
855306
855398
855512
855591
855667
855751
855848
855935
856022
856118
856201
856257
856316
856376
856441
856513
856593
856678
856771
856854
856936
857032
857125
857203
857282
857336
857398
857460
857522
857579
857637
857700
857768
857840
857922
858012
858129
858247
858362
858481
858615
858744
858845
858957
859076
859197
859291
859402
859519
859636
859754
859872
859983
860077
860200
860319
860413
860538
860659
860776
860869
860987
861094
861174
861262
861358
861457
861546
861616
861694
861777
861863
861958
862062
862199
862340
862490
862575
862656
862731
862807
862887
862976
863062
863145
863233
863316
863401
863490
863577
863667
863764
863859
863953
864061
864164
864274
864378
864468
864552
864629
864682
864740
864804
864873
864942
864998
865055
865117
865184
865262
865355
865447
865516
865593
865675
865755
865831
865911
865995
866051
866110
866170
866235
866310
866390
866475
866554
866638
866708
866792
866895
867005
867077
867157
867249
867342
867425
867504
867585
867650
867720
867768
867821
867880
867931
867983
868040
868102
868168
868244
868326
868414
868506
868598
868662
868734
868811
868886
868956
869033
869111
869189
869259
869339
869416
869494
869572
869643
869716
869789
869837
869890
869949
870000
870052
870109
870171
870239
870312
870376
870448
870523
870601
870672
870749
870823
870907
870959
871014
871070
871131
871197
871267
871354
871451
871519
871595
871676
871755
871829
871904
871982
872067
872159
872226
872296
872367
872443
872526
872617
872721
872815
872905
872996
873089
873190
873300
873409
873468
873530
873593
873661
873734
873811
873898
873989
874097
874220
874298
874373
874456
874551
874647
874733
874815
874908
874976
875047
875119
875196
875283
875379
875487
875593
875707
875830
875895
875963
876032
876106
876185
876280
876382
876493
876608
876692
876785
876890
876944
877001
877059
877122
877192
877270
877361
877442
877519
877602
877647
877699
877755
877817
877885
877945
878006
878072
878143
878225
878296
878372
878453
878540
878631
878733
878851
878965
879084
879201
879320
879434
879551
879665
879789
879906
880026
880139
880259
880371
880490
880601
880715
880812
880935
881057
881178
881298
881396
881511
881608
881715
881830
881906
881991
882087
882188
882295
882382
882475
882568
882641
882736
882829
882924
883022
883103
883189
883279
883384
883483
883576
883670
883758
883842
883925
884008
884091
884186
884284
884390
884491
884594
884699
884782
884866
884955
885036
885115
885194
885274
885359
885438
885519
885608
885695
885782
885869
885952
886046
886151
886251
886355
886457
886563
886666
886773
886879
886980
887092
887204
887291
887382
887476
887567
887669
887776
887873
887963
888071
888176
888276
888402
888525
888642
888759
888876
888998
889093
889204
889316
889414
889518
889641
889764
889887
890010
890133
890256
890379
890502
890588
890676
890765
890854
890950
891028
891118
891198
891286
891372
891458
891544
891630
891709
891796
891881
891966
892051
892129
892215
892299
892383
892467
892550
892611
892676
892742
892813
892889
892970
893056
893148
893246
893353
893475
893599
893714
893828
893966
894113
894226
894338
894456
894576
894672
894779
894900
895020
895078
895160
895245
895331
895422
895518
895619
895726
895839
895975
896125
896275
896428
896529
896639
896761
896877
897016
897163
897308
897453
897583
897645
897700
897764
897842
897923
898005
898092
898189
898295
898411
898541
898674
898817
898953
899091
899241
899381
899456
899534
899613
899697
899791
899894
900007
900131
900258
900392
900522
900654
900798
900932
901010
901091
901173
901260
901357
901463
901579
901709
901842
901985
902122
902260
902411
902552
902619
902671
902726
902782
902843
902911
902987
903076
903155
903230
903309
903366
903427
903489
903556
903630
903712
903807
903892
903976
904065
904159
904251
904351
904441
904539
904627
904720
904811
904910
904991
905077
905167
905239
905314
905390
905471
905559
905655
905764
905863
905958
906055
906124
906196
906269
906347
906432
906525
906631
906727
906825
906917
906967
907020
907074
907133
907199
907273
907360
907437
907513
907594
907680
907760
907845
907918
907993
908036
908085
908139
908199
908251
908304
908362
908425
908492
908569
908654
908745
908842
908953
909066
909181
909293
909405
909520
909566
909612
909671
909735
909807
909877
909950
910012
910075
910143
910216
910293
910380
910478
910582
910696
910815
910931
911047
911153
911267
911370
911484
911589
911711
911832
911939
912052
912165
912283
912398
912514
912617
912732
912847
912952
913075
913195
913298
913416
913537
913656
913775
913899
914020
914142
914220
914307
914405
914512
914605
914696
914794
914886
914961
915044
915137
915223
915304
915392
915475
915570
915662
915754
915844
915938
916018
916108
916196
916278
916370
916459
916549
916631
916713
916803
916888
916977
917075
917171
917263
917314
917353
917395
917448
917506
917570
917626
917683
917745
917812
917883
917964
918053
918147
918246
918355
918480
918602
918671
918748
918832
918912
918987
919043
919104
919171
919230
919290
919355
919425
919499
919583
919675
919772
919882
920001
920129
920267
920401
920523
920663
920809
920928
921062
921185
921335
921456
921594
921740
921886
922034
922106
922187
922275
922359
922438
922483
922528
922607
922722
922842
922968
923086
923205
923329
923458
923591
923734
923885
924072
924271
924405
924536
924675
924818
924960
925049
925160
925252
925345
925443
925546
925653
925768
925919
926083
926261
926369
926474
926563
926674
926766
926859
926957
927060
927167
927282
927433
927597
927775
927883
928000
928129
928234
928323
928434
928526
928619
928717
928820
928927
929042
929193
929357
929535
929643
929760
929889
929994
930076
930138
930205
930278
930343
930409
930480
930556
930636
930726
930824
930937
931061
931186
931326
931407
931485
931550
931620
931696
931764
931833
931907
931986
932069
932162
932263
932382
932518
932602
932683
932771
932874
932979
933082
933169
933262
933365
933466
933564
933667
933768
933861
933961
934033
934110
934193
934268
934344
934425
934511
934601
934701
934809
934942
935086
935231
935391
935551
935642
935730
935826
935935
936034
936098
936167
936242
936309
936377
936450
936528
936610
936702
936802
936919
937047
937187
937315
937398
937478
937557
937641
937731
937813
937896
937984
938077
938174
938282
938398
938546
938644
938739
938842
938949
939072
939133
939199
939271
939335
939400
939470
939545
939624
939713
939810
939921
940044
940124
940201
940286
940368
940440
940517
940600
940675
940751
940832
940918
941008
941108
941216
941349
941493
941643
941787
941878
941966
942039
942117
942201
942299
942375
942452
942534
942621
942712
942813
942922
943057
943203
943349
943502
943594
943683
943733
943810
943890
944001
944134
944248
944363
944483
944608
944737
944876
945023
945196
945381
945511
945650
945798
945983
946094
946210
946332
946446
946561
946681
946806
946935
947074
947221
947402
947595
947725
947852
947925
948003
948087
948163
948240
948322
948409
948500
948601
948710
948845
948995
949144
949236
949325
949372
949428
949489
949556
949615
949675
949740
949810
949884
949968
950060
950162
950272
950390
950512
950636
950773
950892
951033
951152
951293
951411
951544
951616
951696
951789
951869
951947
952023
952103
952181
952257
952336
952413
952466
952524
952588
952644
952701
952763
952830
952901
952982
953071
953170
953274
953391
953460
953537
953627
953702
953755
953813
953877
953933
953990
954052
954119
954223
954340
954409
954486
954576
954651
954702
954760
954825
954893
954962
955036
955115
955198
955291
955392
955503
955621
955753
955887
955971
956034
956103
956164
956229
956297
956366
956440
956519
956602
956695
956796
956907
957025
957148
957285
957369
957450
